10
   88   81   62   33   61   48   25   21   35    1
   30    7   16   76   97   53   43   92   98   52
   96   91    0   41   74   37   13   22   12   24
   34   56   86   38   11   32   20   63   31   90
   27   99   51   95   54   87   65   80   77   14
   18   72   23   47   39   45   28   46    3   19
   58   70   82    6   64   29   78    8   55   83
   36   40   59   67   42   17   79   50   75    4
   69   94   89   44    9   60   68    5   84   49
   93   71   85   26   66   15   57    2   73   10
   41   80   61   73   82   86   64   21   95   52
    8   74   91   97   92   13   14   42   63   67
   27   43   70   45   32   78   87   29   76   83
   49   26   12   15   24   51   90   56   36   37
    3   69    1    7   48   11   88   89   39   77
   79   19   93   53   59   58   44    0   71   55
   62   66   98   30   57    9   50   84   17   22
   75   35   18   60   28   94   20   25   96    6
   33   81   47   72   54   23   16   68   31    4
   99   65   38    5   46   10   34    2   40   85
