100																																																																																																				
9196	7688	4240	6065	2595	2333	1204	1918	501	226	9589	3546	8475	4859	8342	9010	6804	9259	4000	2519	2235	8676	8586	167	6567	8048	6681	6862	1921	4353	2009	7245	7355	4484	7276	921	2783	299	4387	791	6229	3146	1995	9607	4569	8466	8138	1054	7612	1693	2138	7721	7210	6505	132	7950	9725	5577	5649	2085	144	5495	1901	9192	1718	8159	2141	3527	3419	4760	722	3983	1067	9156	9871	5499	9682	5019	2936	411	596	802	2347	2116	9630	5858	9379	7960	6828	1094	1178	4344	7100	916	1359	1399	2435	912	1497	5153	
4415	2478	8123	9788	1085	8855	4696	9438	1820	2077	7176	879	1474	7618	6956	4592	2093	6054	1022	8764	3132	1488	8029	318	5407	7119	9064	2627	796	8144	728	4002	9364	8099	3603	1513	725	5418	4510	6569	9281	5090	8243	5108	6031	213	2708	2662	4721	1534	7166	6707	2261	5150	6449	6383	5200	8495	2799	1108	5384	2296	7315	2431	8304	5856	4357	1307	26	5222	75	1731	5736	7392	9857	6290	1187	7090	3980	3533	5776	1858	4555	6979	7904	9210	6015	3076	4758	9021	525	2224	7615	1774	5922	2497	8797	7869	2214	1868	
6324	6147	1476	1156	2377	9136	5913	5392	5623	6563	2331	4109	8276	4474	2876	9783	1043	9530	9023	628	9883	3329	4842	3601	1737	954	3308	3185	6545	4146	3649	6435	2555	2041	1524	3540	1308	1130	484	2230	142	8650	8223	8915	3645	922	4164	6568	3479	7096	663	54	5635	2989	8942	366	1254	1722	407	4774	4278	2540	4329	7255	3791	2353	9384	9302	9513	1628	9963	844	9313	3866	9143	4293	2124	4180	9429	9929	4579	37	1199	811	9615	9728	8950	56	9971	2537	4851	2978	175	2645	9024	5486	6051	6611	2679	9163	
3585	27	2459	421	23	1494	1319	6456	91	2733	1876	3720	5143	6999	3998	7776	4007	6286	233	714	6816	3809	8432	79	6948	4559	4830	2719	9571	6562	5409	1346	692	6106	3259	9360	6436	188	5323	2527	8606	506	7291	8427	2413	6724	5579	4411	5630	6720	5327	6386	3112	6454	5316	6066	1728	8937	9816	9817	768	4844	9908	6233	4625	7970	2423	770	1491	9178	18	5022	4256	9124	1900	4876	9621	3982	9876	3051	9678	8176	664	5204	1329	57	5478	4190	1838	1209	5377	7484	9797	6401	2951	249	6424	6103	336	1798	
9411	8430	8793	2403	1289	6422	7953	8205	1953	7536	9523	5015	2657	8324	1414	3228	4521	886	6274	2483	1811	9879	4292	4712	2003	4651	7352	7236	2564	8251	6580	2302	2139	5684	3917	8297	1907	7399	2448	5479	2752	7673	928	2612	9699	5575	3510	787	8765	9062	473	6135	8523	8613	9161	2642	7064	2104	8240	5415	9234	9978	1602	9461	586	8483	2298	6268	2386	9050	7539	3478	6390	1662	5472	6425	2848	5769	7792	1352	9444	1174	9712	45	4215	3153	9891	8108	9602	7675	4115	7011	2268	514	7457	4014	2969	8552	7576	8067	
1810	9923	4500	5560	1928	4512	3678	9075	7496	2744	2013	209	4272	1026	9642	7473	6282	261	2337	8149	7041	6583	2409	4179	2663	9254	8928	6257	9057	2857	4328	2215	1012	2785	606	8893	7643	3118	2992	9206	6478	7942	1935	3300	9450	4137	5613	587	254	2704	9416	2071	7191	747	7510	2001	3823	6571	2689	9085	1281	9405	1317	5703	2256	2376	183	2112	9864	1913	5779	7141	9197	2699	1437	179	8478	356	8476	6374	658	8702	6239	4207	3269	8835	5941	6798	2128	3916	1998	7383	4172	3519	1102	6331	7482	4374	1993	6493	
9965	6223	6990	7366	7957	363	1753	2188	4770	8834	1640	5456	2620	8511	7120	2914	1198	4594	6461	9608	2356	9877	7700	4099	6909	5868	215	3553	2621	7861	3957	8063	3746	9056	9940	9117	35	9296	6395	932	7578	3864	1116	9846	5076	4571	7347	3490	5589	3352	89	6167	5352	646	3535	8502	7810	3364	1740	9323	9033	4819	4553	1502	1247	4449	9656	4513	7386	2342	512	9843	1040	715	1495	4729	1236	2205	2395	1392	4590	5822	7393	4497	6181	7026	7472	9237	1930	6078	7080	7594	4773	5165	4759	8230	8677	4277	2157	955	
5890	4814	604	7316	2017	4680	2959	8169	5624	3013	4163	8339	7812	3891	3044	7777	1978	995	6093	5872	994	1295	7118	5120	5209	895	1038	7003	1862	2365	3666	804	2543	520	5870	6685	4726	9916	6542	238	7034	6942	2553	3589	1016	5723	2487	806	1363	4429	6960	3207	7164	4300	8179	5066	5453	3371	5035	1586	5229	873	2286	4583	4674	9616	439	2891	6630	8802	6791	2301	9661	6853	3335	7582	8853	9036	6305	147	1823	1001	896	250	4701	9599	3173	5408	2539	706	101	4312	3277	5999	5207	4167	4477	3239	1541	1707	
9954	9762	5429	9319	562	8971	1248	8224	9736	4220	8938	2206	4105	8851	803	2336	1270	2913	6489	2518	5390	3321	4005	8214	1335	7394	5232	2388	444	2251	136	8632	8401	7964	2982	8390	4111	6438	8444	7159	3200	9149	828	5145	3939	1601	4406	5706	9476	2608	7744	2182	6911	7145	2412	8637	7071	5572	84	9689	7212	1969	3721	1886	7973	5470	2172	402	4857	5196	8988	1983	2484	1394	7911	3096	2262	9130	9624	9730	3443	4211	6927	2764	3271	4738	471	7657	511	73	1465	4735	4417	6557	6111	76	5874	1764	3446	7947	
17	6980	1631	1273	5986	1483	518	6354	5523	5715	3716	9345	2174	7243	3960	6621	9835	1613	618	87	6463	4253	8563	5203	839	2082	5216	262	6879	1943	1257	5628	3521	6741	2163	9078	328	5315	7610	7073	2584	9588	349	4921	6829	3114	5651	6906	3188	486	9376	8022	6760	8883	4635	1975	9673	2228	2818	5366	3438	3072	2637	8267	8364	6362	2305	7094	6279	1926	5735	7784	3016	6972	1080	288	1791	6345	1914	131	6389	8570	6043	862	9068	9778	1429	5895	6954	2210	8686	2988	8977	7704	2780	9527	1444	8593	9473	4231	
817	8461	4847	513	7943	7698	2702	6230	6216	659	8962	6577	9194	4367	8561	8392	4464	2628	6341	3862	2308	5965	8344	2067	7952	1086	5553	8674	5789	7895	7674	5570	6610	857	5605	8665	8911	1000	9327	8358	1775	9397	2162	4094	345	7859	4809	219	9081	4304	1721	2582	5473	7397	2556	194	2144	6713	961	4160	7529	1262	8239	6861	3708	8809	2890	7200	7332	2803	4317	433	7343	4452	6221	9257	5389	1131	4913	7898	5790	582	4628	8292	8601	8065	5857	7157	381	5660	70	2408	5121	1191	1378	8	4420	4670	5772	4881	
7832	2589	2673	4652	6984	521	3126	5457	576	7632	7032	4549	4495	5095	61	8312	6952	7670	4928	2242	8681	9198	1743	1425	4799	696	8098	5126	826	5541	5265	1237	9104	7044	446	4529	9631	9058	3681	3854	583	4768	7771	759	7687	571	6656	3168	4950	8583	9867	5721	6207	3103	2534	779	4877	6496	573	9750	2528	3923	3440	2667	1092	2209	7463	1904	8154	8253	4641	3673	7621	7991	894	3671	4603	6661	422	453	3912	15	4025	7389	3655	1448	2771	9592	5803	5968	81	1746	9976	8617	1581	8538	8516	4455	1908	5602	
9028	9882	7593	734	9403	5925	8300	5379	3973	2830	6967	5501	6391	9625	4044	7724	8921	154	8590	7807	7934	4935	708	6737	1371	1231	6699	7613	5124	9272	6646	1201	6411	329	2250	420	3922	9111	8298	1358	7592	5049	2137	1060	5691	2066	7731	9744	2316	7183	1058	1095	8173	9063	3175	2512	8571	6679	8860	9261	8061	629	2259	8106	2368	9137	3192	4626	3697	2035	9674	6845	8301	6624	9185	4210	435	1958	5805	7300	4152	785	2107	815	6190	4463	7840	4581	5103	6671	8562	8721	3677	7967	4866	7518	4224	2021	526	5993	
8625	3265	8771	3256	1193	220	2053	9408	8056	3428	3375	5089	9176	8960	3885	6503	2808	2635	6718	5243	4402	264	1977	2029	9576	2962	3526	5808	1152	7509	8008	8446	1950	3819	1869	9483	8447	8819	7806	2199	6940	3853	3725	9822	4728	2407	3865	8599	6129	774	1569	5412	6460	2721	2986	2762	1679	2531	393	8727	1552	6873	4580	3360	4048	1522	3538	1046	3664	3542	7238	4623	1880	7606	530	508	8001	5812	5353	3316	2749	196	8796	4174	1030	7847	2568	1752	5582	5564	3640	3007	3221	1172	532	2668	308	2605	8627	8464	
459	3639	6378	7780	7354	2711	4671	9044	3048	6403	7436	4130	6831	7701	2438	1033	8334	4926	3844	7016	2089	670	848	8833	2381	6397	6943	2485	6697	824	6729	7542	207	6723	9118	275	5013	3486	4161	1246	726	1719	3052	4166	1	6451	6805	5211	7398	4063	3078	1034	1445	1701	3009	1463	5683	7556	2560	2159	9866	4882	9120	7009	445	626	5783	853	2998	7972	3276	4188	5298	3411	1754	9644	2090	1103	3108	977	7334	6070	8494	2800	9739	9635	9487	4350	8679	2900	2525	3396	709	5109	9870	3138	155	6596	1796	5317	
931	5179	5002	4345	5497	2639	7817	3209	2276	9988	6576	5097	7444	9836	7402	2027	6842	3689	4650	730	497	8871	2197	3672	4669	2263	687	5008	9229	1706	2948	9610	6730	7629	8139	4203	2255	1896	2701	3684	7502	8926	1328	1785	9077	5862	5780	2851	4259	4907	100	3769	5423	5343	5514	9159	4505	6658	630	9121	2726	1845	5904	72	5732	3332	8904	2833	6964	6242	7220	1069	6358	8657	2718	2581	4041	8418	601	6215	7597	440	640	6058	1062	5190	7503	8218	8550	5719	1449	983	6059	7866	6688	1500	5065	2019	4473	6872	
3766	6006	5037	4740	5193	6762	8646	9467	9090	919	7144	8294	1787	8684	6759	4208	3382	9903	1096	673	7046	4200	466	7140	3643	2	4532	5071	953	7416	6443	5565	488	4766	124	2016	9650	1409	2881	7988	4616	493	447	8555	3474	1364	6871	7879	4274	7471	2547	143	5538	838	3575	9796	8695	6393	3111	8543	1221	4832	6795	7412	2379	1014	7683	2769	5255	8661	7177	8456	1271	2136	4665	8469	1286	1337	204	2561	2488	4335	3497	8792	2707	1519	3303	6836	9231	7135	4453	4965	1906	5665	237	982	3378	1687	537	1121	
6062	6231	9031	6556	4530	5920	4185	522	553	8453	4120	8766	5963	8040	7495	2227	9735	4003	7282	8221	8203	5102	3874	8500	3047	7897	3220	4142	7550	4194	1959	362	9322	7522	5599	1946	34	3730	1756	7292	6098	6434	7039	6686	4223	3650	7955	7743	8545	1235	7640	9341	2548	5911	1957	9138	1436	182	2134	9053	4147	7760	2361	9652	2051	9601	7460	9711	1408	5136	2566	4358	2108	355	1205	3117	972	5306	5587	4978	1576	5636	472	6197	9614	2855	482	5695	8222	2052	7302	2338	6534	3140	4826	4997	2111	3091	577	3900	
4967	1588	7008	8546	9825	242	8498	1388	799	8621	7279	8514	4351	2171	193	4573	8707	276	9894	2957	6756	1259	2398	6764	7054	7287	781	1595	481	2446	2186	8827	3690	2504	6817	28	137	1561	4150	5592	883	1419	9484	6586	8961	8759	3	3745	2036	8997	8419	5116	4561	1149	1967	9414	1192	2038	926	3248	4219	6914	9649	9905	4135	8116	6349	4538	4408	1963	6314	631	8549	5801	1473	3202	6790	5863	3167	4905	8825	2709	8618	5387	7050	7420	7739	5741	6049	3123	6442	4673	3155	7949	6561	2076	1844	7907	4289	1603	
5484	974	3781	3150	9958	2918	5435	3280	7802	332	1713	964	201	689	1223	2970	7326	5988	4054	2434	4846	7775	7765	7975	436	3726	2203	9780	269	52	6761	9548	2246	1241	9448	8564	1848	5147	4271	8414	6683	9350	1696	8927	9696	5096	5814	2046	9245	642	6085	2981	6923	7169	8313	4364	32	2202	800	9069	5606	5238	8874	2494	1553	5518	9479	3212	8783	6674	9335	1433	6917	7150	7978	7631	6784	4973	7660	3851	7497	5647	4609	6318	4843	5930	2383	9478	2697	455	1481	555	9168	885	8746	4848	6643	7735	2131	9754	
7667	4924	535	6388	960	499	2954	6882	7902	6589	1639	6645	5563	8433	5199	8112	7639	103	350	4175	5612	8455	1025	1638	2475	2618	4198	2680	4515	6558	2153	8115	5239	5923	6218	9311	8018	549	3162	8345	184	1135	8250	4296	3569	9125	6269	6081	2671	9283	2585	8497	2573	1620	1623	4346	1936	2126	8786	7312	7110	4238	309	2307	3699	864	558	1411	904	5388	6091	6637	9126	9997	2132	1355	6333	1685	1396	9328	7622	4265	3840	3064	7912	1840	9535	2480	3964	5948	6745	4444	6969	5267	7488	2133	9951	4433	6406	1504	
2414	257	8238	9888	8713	2563	1750	443	3938	4550	9890	8933	5112	3083	5041	2385	3513	6036	7121	5521	5031	83	5291	8898	9239	9009	9989	82	1536	2025	1179	2474	5590	2522	3473	9047	3171	1299	5617	8779	7494	8878	8573	7481	1166	598	2880	2287	1757	1141	3223	2432	364	6672	4092	3505	1493	4113	595	9902	1924	5308	890	8945	8612	8531	544	7848	790	2541	7430	8640	4399	8728	4586	4934	7174	9428	7320	7049	9369	2285	1789	1431	1854	5177	2664	5609	667	3071	3028	1018	9880	9594	5233	2265	3607	3024	9641	4068	
3859	7342	7418	1518	8492	7930	210	7358	6161	9219	2940	3760	3358	9528	1087	4491	2629	8349	6396	4753	1066	4552	943	4148	1161	8114	7564	1805	9454	4575	8129	3040	4490	5852	4498	1597	397	5230	5520	9704	2221	3604	4155	1877	2530	8763	9697	5351	550	5004	246	3549	8972	498	3793	2717	6141	6083	4508	962	769	7344	417	9423	8083	2720	9771	3556	6295	7705	460	4922	4237	5322	2098	542	9933	3626	4611	2248	1404	9305	8439	523	8200	1366	8711	2651	4957	4205	2204	2049	5850	2213	5880	3043	6189	5324	7532	8006	
6629	4052	4631	8109	2217	6539	6884	5902	4804	334	3311	3425	8474	4707	7742	9433	1606	7446	2929	7004	1604	1730	8918	4708	33	8499	5213	1275	291	9973	414	5650	5598	9814	3833	93	5639	6916	8509	4469	3578	6604	8408	7192	2070	2591	7541	1885	2279	5841	5400	1276	4854	2741	1188	1288	8241	405	1458	7685	8699	2050	1567	6703	4551	6859	7611	2946	3544	4836	4038	9344	176	2264	2270	5762	5427	7161	9303	5282	390	621	2400	5545	2943	5067	1855	4968	8685	8750	5225	8449	3715	527	3579	9193	3692	1150	1207	5622	
1708	252	7207	5961	1406	7958	9160	9734	1151	5525	8579	8688	637	6235	3662	8924	634	7249	5749	2874	9955	7175	6035	6164	7089	5619	4588	7239	8087	649	5329	5195	9380	8321	8939	2924	3353	4722	1479	2596	8380	9116	5522	2908	8615	9301	5485	6813	9585	8813	1010	4244	5926	9731	2355	4692	7505	3550	9885	540	9705	6118	1418	2886	3128	1427	3566	9469	2430	3950	3387	5397	5865	7270	9809	1165	3038	9067	2919	3299	2043	306	5061	3816	5595	6470	9059	1325	5469	8501	3436	11	372	4942	3002	861	5696	4459	5202	2872	
2754	9827	7587	1158	8521	1593	9708	6398	4825	8228	906	2245	3648	3421	8892	267	1616	8325	7543	2018	6029	9365	1681	3314	4189	591	6492	4125	8558	7468	6801	8308	9187	5030	2631	1609	9646	1133	2588	272	3615	7790	5643	507	1762	5625	2037	8085	675	4446	6949	2069	9110	1189	1076	7860	7962	9288	3981	1712	2175	5839	2761	7914	5770	6339	6554	123	9435	7838	8748	9670	9244	1739	3087	5056	7474	5727	4751	975	1523	4525	1057	5757	9026	713	8888	9265	300	1562	2257	1530	6595	6348	9252	2322	7128	1558	959	178	
2064	4639	865	3564	8102	1417	7480	1089	3926	5340	1233	4275	361	6025	9893	3100	1660	8161	9310	9572	1341	1398	6602	4365	6533	5044	3963	2603	8080	7900	4414	8398	8752	7909	746	4816	321	4251	5373	7649	6056	5276	2794	4896	8943	4380	1490	315	4621	9164	5175	2229	8692	2095	5101	1910	1196	3621	5307	151	4929	456	8769	7693	3472	9217	8610	980	7793	3842	2452	2170	1889	6113	933	6865	1920	5524	8973	4563	9025	6598	2586	6320	822	3137	8368	3829	6864	1867	504	2580	3397	4686	1316	5378	1322	7260	4939	3289	
8890	3208	4683	7834	5162	2244	9766	1539	5188	2852	457	8656	4716	3507	1565	211	7604	7240	4354	3094	9782	7465	3517	1061	1636	4999	5990	1761	1529	6537	674	5559	3186	2715	1395	6453	950	2613	915	379	9321	1688	4704	1994	821	8084	8248	7506	6467	6978	3206	8150	5778	4886	4964	4202	7971	9001	6575	4196	5529	3074	5671	3159	761	1242	7805	6675	7857	7645	2033	1047	9242	1618	8113	47	8047	9564	5588	3039	7448	6194	7794	5832	5626	884	165	9383	9012	163	4545	6767	7346	9768	8697	8889	5807	2590	2755	5422	
1725	620	3742	5820	918	2332	3568	9581	9016	6447	5241	2371	1148	8984	1982	3339	2550	8373	3366	581	7661	7304	7106	8854	295	2030	4982	1169	8317	7786	8070	7181	6560	695	8770	1710	878	3493	2320	3737	7965	4600	3338	3453	357	416	8762	8027	1342	4499	1773	9203	2610	5594	3323	9919	8140	4618	6198	939	8465	5360	5250	9271	1689	6004	6856	7716	409	2429	2691	2042	1703	1125	1668	8864	2072	341	917	903	9455	1514	4314	1580	9109	4095	9983	1625	7872	7818	8413	4960	3133	5881	6896	7588	1036	8691	2529	4471	
7977	597	3978	2507	1866	2105	7476	8557	985	3021	2044	1162	8362	6280	9947	7	6055	1489	3637	3890	1578	5785	7483	9912	9657	6368	4640	8760	6	7816	7328	383	2211	3924	9029	2293	1763	819	7998	5877	3795	5918	5467	6931	7740	3857	1168	8315	3305	2538	1767	1267	3243	2495	6316	3049	7734	7173	3090	2096	20	9337	1104	4614	7475	1138	847	5835	4667	6071	851	68	3416	4086	717	5716	1050	5416	2441	1999	5182	7434	5450	3420	3463	5349	8060	5043	7187	6500	8560	3618	5038	3392	296	6704	7959	3237	148	899	
1175	9170	9760	2821	6121	627	515	9020	9314	1344	8350	4822	7331	9172	8935	8778	3882	4195	4664	1947	463	255	6777	263	9362	969	8477	8316	6104	7178	8922	2502	7028	835	1377	4132	614	2415	3331	8732	2849	7656	8407	4853	5214	1159	317	8457	7083	449	6982	7244	8278	2428	3236	7717	8949	2503	4864	3999	2115	2836	7946	5212	7781	8165	5269	9851	5932	4221	736	575	259	1498	7905	2788	3944	7014	8993	6240	3843	3500	3415	5729	9439	1985	5661	1563	6404	9738	4465	775	6136	396	6714	9235	2234	2335	6005	4732	
5981	431	1423	2352	4805	1438	3858	1610	767	5821	6546	9892	4061	9490	3775	8053	654	8537	2310	7697	6719	4436	1799	999	2119	778	2345	3390	8693	4060	9045	1064	2060	9158	8441	1379	1879	2015	9990	2277	1852	496	5816	7881	8415	5759	7246	3761	2231	1105	3717	516	1955	340	793	3467	5058	2343	3504	7372	4617	8930	2374	8015	8487	867	5864	9035	6616	5686	1863	7941	3254	9686	5198	3836	863	9223	2330	8347	1758	8365	3244	2092	3852	6579	2971	5321	3889	5443	4126	140	9394	3965	3046	1776	5003	4212	64	5011	
6727	8275	8716	7072	5052	4384	6619	6101	9133	9152	5155	2666	7945	2955	1042	4450	9027	524	6100	2515	8622	8673	1106	1285	7053	2685	5480	9985	2375	2728	8836	4730	8281	2039	5294	9959	8227	9525	3413	3061	1932	4098	2768	3588	7829	4017	6382	2406	5172	1338	4904	4016	4517	1194	8016	2843	1674	1217	6137	4153	7938	9740	5186	8503	3148	4787	3787	7563	9447	3532	5283	5774	2796	3548	5127	2282	6033	2319	6392	2831	1777	2716	1673	5760	1222	3641	9839	1484	9763	1560	8307	4149	6900	9400	2624	7524	5708	8818	7583	2439	
4918	6432	3152	427	4989	4502	2703	7401	7132	7665	3401	3143	3342	9524	4297	7876	9269	4395	7626	1669	2968	6304	2201	6566	1691	9516	8539	6535	9470	6149	2858	8425	4368	1571	9289	4439	4987	243	5474	8534	850	9300	6803	533	3056	6206	1573	6474	5819	5740	7754	112	4106	6600	6158	8856	3580	6706	1596	5889	6322	1543	7723	6922	9308	678	1452	2081	7625	2238	8323	6248	8524	7841	464	3181	2925	6818	5540	5859	8451	1511	5567	4947	2120	9648	9357	7672	6423	9557	7561	2712	5417	5328	2233	319	1083	7182	5555	2359	
9282	3266	7126	6894	8288	6334	1213	8749	8985	216	2693	3970	2592	6682	2091	9491	9907	3630	3430	7018	551	4820	6321	4737	1114	5110	7369	9944	248	4917	1112	1507	8406	9702	6846	122	1970	1190	1146	9212	502	2154	7708	7056	2493	2765	6499	6156	9840	467	8667	8395	1482	3141	2127	9833	6502	543	9502	7854	1170	6012	6408	7063	5335	9132	2907	1142	8975	2464	7515	7313	2357	7730	2340	2304	3214	3015	9391	8207	9421	9353	5558	1734	2460	8745	9540	3870	2798	9819	8566	9154	3449	833	6770	5951	4487	840	3417	2915	
7892	1905	6369	4839	9667	2686	925	8426	3534	5391	6064	738	1212	9945	9913	4349	9418	2350	7261	2953	7269	3198	880	5289	312	5950	5247	9595	1279	2740	9853	8652	7926	891	8658	6735	7065	5940	1230	5073	9722	4975	8619	3841	2687	8849	4320	4661	9980	6088	7470	6130	3869	424	5669	7846	7544	2393	1129	3395	776	6072	111	2323	2007	7798	146	5026	3561	4685	3847	2178	4775	294	2086	3260	5887	1895	4448	3990	448	2674	430	3441	4849	7330	9862	1053	2281	5431	2745	5059	4145	5939	1834	5169	9004	4981	9102	9495	
3949	3614	401	6379	4658	1052	4318	2950	3439	5677	1831	1768	9006	6335	5184	4977	7493	1225	4585	8143	7552	2479	3145	3512	6660	9147	6116	1645	807	4520	3293	3434	2724	8522	382	6734	6347	6491	5088	7871	4711	8437	3197	9668	6011	528	9017	5931	7324	8480	3004	6052	3878	6973	224	3226	4812	4	3893	9459	4426	1664	656	8901	6193	367	2040	8003	5436	882	7619	3861	7887	5645	9076	1965	5156	2167	8075	8168	9191	5452	77	2997	5380	3301	8659	5831	3608	2777	2532	9162	1454	7603	8649	7104	1442	3292	5245	6028	
4648	7068	8318	7055	2763	8282	8182	3628	4283	6662	6337	973	8032	9570	2327	3399	3936	7242	6647	1549	4488	1655	8512	5375	8703	4075	458	4693	8739	2329	3029	7906	2010	9406	7066	4750	4791	1551	9550	5194	6687	7570	4316	4178	7738	9018	1020	7617	4946	8914	6809	9262	3560	7095	24	2451	2748	3740	4082	976	4396	5268	6002	7374	7992	4255	7204	9199	3230	1535	3235	6912	5733	4419	477	7820	1333	5074	8079	6752	6785	5929	6677	53	1331	6582	568	3233	9332	7085	651	8158	1837	6763	6179	8710	9095	1749	3365	3652	
9065	92	9968	9204	6138	4157	7936	9443	410	2976	9658	1345	9786	9449	7116	5680	2990	8293	2047	1472	1028	6276	1882	8073	2917	6236	8181	6458	877	7156	404	8256	7837	7437	1461	9939	4761	4124	3136	2607	5784	1694	2117	8146	3754	1544	9700	9591	3336	7462	1293	4080	181	6548	2775	8009	1300	843	7122	7443	241	7835	8155	320	6753	3784	3324	4480	7045	4046	6617	3931	1370	1546	4638	5867	4144	6370	4860	222	9292	1738	1082	9651	9390	5614	7833	1088	6437	4008	2993	3295	9498	7608	5164	9148	1812	5991	1123	5481	
3442	9366	8025	1447	2743	4870	7690	5694	7788	6289	927	5738	771	3482	2509	4176	3910	6711	2024	8346	7195	2232	1934	1315	6457	7477	554	5548	5970	5972	3997	6027	2774	9729	9356	3464	6744	4595	8857	1589	6961	4811	3855	1350	6026	2535	480	1202	374	2974	3068	6466	8486	9304	2661	4338	7808	3830	437	1626	6736	8858	8488	1822	810	4243	8753	8280	3025	8374	8117	2920	8402	7226	9709	3222	5786	1215	7425	5517	4835	3347	4299	876	403	2078	9338	4702	4608	391	8167	3273	8687	6933	9820	1360	5642	8134	2864	1382	
8671	1824	9251	4785	197	8142	3418	3475	9698	1871	3803	8229	8174	572	5167	4541	4072	1139	3663	5634	6498	7695	2401	2656	303	2739	2636	7826	7103	4305	2912	4263	6717	2102	744	353	9240	2738	9339	4675	8805	6154	2181	636	4158	868	3174	2389	3409	789	5274	3253	8880	3774	4533	7890	5551	7084	2862	9537	6455	1716	735	4763	412	7961	1091	387	9399	6875	7580	6941	316	7308	9213	6376	6832	3213	8815	6528	71	5610	1584	5219	5977	4546	6955	6275	9055	6495	127	8718	7883	3084	1374	5445	2574	1415	9600	1772	
376	7017	8202	7928	4337	3003	1272	2888	1554	9875	214	9802	5264	1354	8680	7336	4375	9374	1890	3979	6966	1520	4494	7284	3991	7733	1031	8225	3492	2587	3444	4334	2362	7573	7021	6254	7901	5722	9605	6222	2896	4059	798	1637	1917	9430	9419	7125	5552	737	8024	8828	5974	9094	605	624	0	6057	7057	4988	7813	5936	2455	1980	7151	1735	1163	6987	1110	7681	5271	2498	8034	8423	2965	8908	1059	2148	8964	6501	7850	7361	6895	4088	9395	6668	2404	3668	825	7630	947	2871	4184	3818	2987	6573	5046	1850	4162	5746	
1451	191	6202	948	7963	5506	4565	2949	5152	3879	9849	9098	4714	3537	1372	5489	9000	3599	8704	6910	4655	9860	2817	3919	2416	159	2597	8616	171	1765	2324	4662	3660	2372	9742	8103	240	8023	2834	104	5325	6930	2823	5029	7680	5028	671	924	9957	1351	1305	1443	8336	5813	3985	6016	4301	5399	1583	2826	9794	5020	1592	2811	9873	4051	9375	9215	337	2023	3379	8963	5087	495	1384	2734	5313	1393	5420	8387	6820	4920	2790	5440	6445	9226	2536	2490	4845	1203	2630	7581	2419	4632	60	6086	6868	1861	2802	2160	
1226	8804	5336	8986	6726	7163	5916	1607	2063	2222	4599	6988	8944	6731	2944	3102	8226	8357	5093	4097	9847	1186	6523	4096	2110	6732	9091	2123	7197	2658	2870	6384	290	7882	8170	9745	9815	2196	1099	4620	314	1441	7340	7896	1705	2099	1537	9679	2422	5654	3636	9522	9508	7809	8733	428	3374	3451	5707	4789	9834	6109	7015	5687	8186	277	1658	1485	442	5137	7030	9787	3268	2161	6863	7968	3531	9504	8331	3799	3905	217	9804	4919	937	4229	1143	4993	3797	3466	2879	9466	7560	9083	8355	4871	1486	7222	1682	5971	
4908	4695	2288	8072	451	2424	3748	5709	1183	3587	8204	979	8452	1621	9	5718	3552	4170	2026	4865	3139	7227	8296	469	8929	9587	8966	8881	5086	2882	8799	6428	5795	7586	5682	5033	1251	5368	2781	274	4398	287	5181	4781	4744	8189	6530	9677	6430	7878	6834	135	4009	2433	7101	2254	9171	7286	6821	682	4889	2183	9898	889	2698	8471	758	3951	297	4107	1678	4969	5262	5866	7213	44	1624	6446	6860	51	989	7764	7920	1684	2450	1574	4697	6380	9727	9437	1984	8004	3586	6281	4574	4026	380	8696	2236	2713	
823	1339	6552	5492	1176	7078	4879	6840	5946	556	3728	818	2847	1128	7356	6323	4023	6000	3135	4371	5057	9543	5534	8896	3536	29	9398	6651	9200	6807	5084	5883	1828	8808	1938	4019	3020	6510	4422	1171	2481	6394	1508	4762	2594	8850	50	8614	9336	5183	8840	2444	3389	4528	1870	1330	441	4247	7022	5310	9848	9173	1340	2694	9619	5356	3896	4679	517	2975	9352	9953	672	4486	4381	9946	3191	763	6810	1109	5685	1704	9287	1627	563	4074	4976	4798	2732	3067	684	8132	3022	2559	7431	6957	1480	5131	7209	4540	
1784	5079	3380	3751	5536	7275	6007	3738	2904	4117	1632	4932	8846	6788	1456	8648	2840	7421	2617	1937	3042	2837	9974	1829	6654	7027	7112	150	6578	753	4327	3400	6991	1733	6226	1582	6464	198	2274	7910	1144	192	2034	893	4134	3325	8624	2542	281	5664	5791	1435	2725	6985	156	5402	7390	3914	8630	2675	3388	8705	9801	286	2267	5882	4199	9826	5542	3457	4878	1292	4527	9586	1455	9250	902	9844	2370	7986	7706	8233	5549	9153	9278	2155	6594	1651	48	8305	2956	4992	7319	5854	9037	6883	1391	608	172	4410	
8421	5463	9799	4958	645	9964	652	585	4309	3037	6781	5641	8843	7188	3019	4103	2923	4855	2652	9358	616	3987	1741	6698	9413	2447	5281	6597	6878	3082	7852	4840	8565	1185	3659	9114	2392	3712	7935	949	8236	1426	1971	4201	4101	3407	6096	5490	9260	8830	3796	1566	2061	5119	633	6901	2289	5148	9246	9457	6710	7641	4796	1313	8655	1929	6359	4597	190	1407	4311	4794	547	7265	702	773	1778	7377	5286	1991	832	3304	3274	2014	2241	3825	9507	2453	153	897	7435	4838	7623	7433	1940	9005	8013	55	5419	6247	
9273	4654	1996	8720	7396	7146	6850	8801	1390	625	6897	4280	5333	2984	5405	8356	1842	1521	4691	7980	3333	4974	6300	4242	1039	6184	8489	5921	1375	7289	3032	8135	694	9925	7235	3581	3974	7010	6448	3942	4451	4605	9837	9568	7605	2523	2378	5942	268	4868	9489	8375	2842	1960	3275	2927	610	6357	4769	9962	6725	6992	4956	7551	6989	6824	8810	6063	698	9493	2655	2795	5242	1992	7208	1343	6555	6678	1055	4858	3632	887	8363	4925	3794	9509	5652	3679	212	3968	641	703	6019	8666	1988	2311	2557	8148	1577	16	
5788	9532	8723	3480	2080	9274	2524	690	9218	1309	2260	1301	9049	8905	5132	8886	5845	9299	7831	509	158	3340	3559	5461	1457	4990	9225	9779	8262	5154	6626	2706	3313	8133	3405	9241	4747	4076	4694	6902	4780	1650	4077	7500	5544	588	9854	8636	4447	4131	9432	7567	1878	8283	5385	4104	8862	3933	6524	7115	3918	7758	273	1184	9793	3458	9541	3069	8735	993	1280	5094	139	9662	1326	9134	6618	9884	4940	3850	3447	4136	765	9497	2933	4970	6199	5905	4070	5982	483	2760	8903	743	9636	5959	2005	9626	6915	8906	
141	6259	9186	8320	579	3694	9373	7746	8831	2615	8411	7185	6937	8020	2149	3584	2789	8575	1611	97	748	7360	2883	1100	3780	8340	3897	693	539	2653	8440	8177	7142	8175	9427	7827	1587	5751	3812	8147	3249	1154	545	2778	6346	8730	5266	9334	3060	7301	4187	2346	8042	9019	3386	5227	3215	8257	4217	1751	503	7099	5914	5235	5884	1872	5747	911	6758	346	6187	4698	1807	3881	1788	7224	8731	1548	5798	1666	6469	892	6958	871	2810	4264	3328	1037	3868	9355	2396	8412	2194	1538	3770	7452	9756	6308	5403	5070	
8468	2184	1966	1296	3326	3602	739	6636	869	3121	5465	5454	9812	7951	9471	6778	4948	9099	7060	2189	9620	6317	8235	2756	5280	9205	8899	1836	4566	2179	3341	487	9806	2000	8266	5750	9015	6614	7093	2567	3995	3224	5846	705	9718	6356	6450	4906	1298	5724	9764	370	365	4267	6366	1460	2521	9165	963	1367	7885	8609	6874	6553	5711	8865	1321	9208	584	7327	368	8875	3367	1916	2457	5908	3516	7051	8628	8435	4206	385	2125	7830	2318	4777	7403	4739	3104	9575	6738	4182	1258	3765	8171	7408	8605	333	9578	6925	
5047	5441	3460	3177	3262	4916	63	2088	2011	2075	7349	3216	8706	1365	5258	2736	718	3732	1412	7766	2737	6045	4028	6642	8517	461	9510	9518	5185	7801	720	2426	1997	4475	133	1697	5688	8591	643	6177	612	9155	6806	113	2877	1826	3644	3142	9660	9643	7232	9417	119	1981	7070	7023	2312	8314	617	3817	6938	65	9961	2239	1617	602	2462	1332	3157	1320	5527	638	7559	3927	2952	680	5006	9087	841	8551	9480	9505	2470	4786	534	2648	4703	6344	7729	1402	6465	1987	3349	6885	4672	9604	9452	4689	3372	750	
9723	1659	3530	5653	3166	7165	4151	8556	2819	9096	185	9597	3718	5933	7281	4634	3377	2004	9445	1389	1180	2297	1263	4087	2977	6591	400	7745	9901	3935	3424	8775	3070	8664	569	1421	3286	5464	3966	5997	5040	8068	6204	6311	707	8806	3654	3498	2456	4322	2454	8496	6243	1911	5304	8249	7867	7828	8467	5100	186	4409	8958	2710	6263	8255	6217	3994	7637	7585	235	3762	2638	8663	849	7635	3376	4596	4576	1302	4656	1453	2575	4824	1124	4266	7079	3258	1126	8059	1720	7985	8533	5210	9052	749	371	1888	9637	2145	
1790	3017	4980	6673	2845	8580	6932	2782	3063	685	2569	2369	4531	8302	1903	570	9567	3634	8096	3281	7092	4454	8936	9906	909	4709	8508	5969	5875	5692	8980	8322	7478	9952	6599	6779	5674	4872	8569	7659	3792	619	6342	8277	1686	9343	3219	2517	223	4285	8369	719	4801	166	5113	2945	3827	4718	7111	557	6641	5909	6256	8291	5892	1063	7531	4678	1742	253	9243	9856	6048	6168	7755	2382	6115	5309	8303	3806	8125	2640	9372	2225	8821	2714	6716	7925	5295	2151	2910	942	9549	9553	4915	1238	7537	1949	2309	5989	
9841	9214	3777	6934	8208	6907	1780	7272	3169	9022	2979	7223	189	4806	816	1527	1615	5513	4755	4570	9179	4390	173	6175	8343	6364	6371	4302	2533	8641	7891	7702	946	1218	4045	5160	2240	6417	2065	4388	2278	6340	9776	9306	9073	7931	2700	1598	1547	8507	9934	1167	6796	245	3079	2815	5372	3120	3605	9563	9993	8532	9855	3805	1137	3778	271	3085	1297	5246	5300	6313	4435	1525	5010	1244	9986	600	3089	3194	1898	6540	7845	1157	3179	9811	4295	7081	9331	529	7228	8941	6200	3302	7694	6536	3779	5448	12	5656	
8952	4434	1200	1468	5739	3571	7757	8852	6270	1314	4953	7969	7091	7865	6084	4888	4749	3801	3610	4073	8585	6511	7371	3594	6124	2114	9544	6273	7117	2980	3986	4952	8634	2846	3427	4249	4782	2291	6628	7263	6196	8038	7309	2351	9828	4193	6705	4705	9061	3736	7713	1397	9317	1614	7727	5532	9381	1113	9216	5488	7711	9202	1044	7417	95	5917	5158	208	292	1944	9897	6913	2901	5815	2083	3828	5935	7545	1550	5668	731	6127	6271	7939	2258	130	2341	2812	8245	9474	36	9618	5494	9494	5285	2622	5060	5447	8237	2792	
7844	1531	4900	4557	4562	1304	5842	3098	1155	1961	86	6936	4514	9255	7791	7139	8598	6581	168	2006	6634	1887	9312	2654	8894	4810	5330	7954	6970	8191	7994	5585	5934	3776	5503	145	1084	3317	5159	8062	7944	7172	454	1312	2822	1700	8153	322	686	8220	7598	9975	8246	9813	3252	7769	3676	4715	3734	4053	5277	2938	872	5851	5764	1545	2875	8909	5025	1173	8736	6294	6769	996	5430	7411	4516	6165	1239	1111	8100	1051	6472	688	2889	1654	7075	4110	7932	8384	3156	6814	4536	5627	9222	9128	559	2960	1843	8470	
8823	5528	2273	1881	594	7652	2032	7772	9791	5139	5438	8934	115	7800	5728	4133	9129	3992	951	9781	1090	5794	5531	3263	2177	9404	256	8295	7133	7025	5482	1951	639	4438	9569	6224	9584	1220	7937	7877	5792	2317	3151	3255	3625	2405	505	1792	5442	7098	1675	2850	1334	7849	3764	5414	5359	7179	7341	9612	7893	9291	3909	3182	2897	6965	278	3288	3948	6855	9611	3330	6139	4421	3798	3393	5802	900	5987	829	2916	8700	9824	9293	4379	4984	2387	4649	7459	9798	9899	7487	4869	9011	9979	1801	2565	2963	8629	8130	
8714	7948	5580	3932	7720	9526	7956	5576	1097	1642	3763	3291	2742	6623	745	3014	1117	2101	310	5014	4717	1990	2514	7601	4437	978	2191	3306	2192	462	9551	2894	7467	6886	9201	3005	1663	7124	1098	9089	6521	3184	5279	8354	5369	1542	3050	1804	6667	9224	5201	7317	3318	4382	1727	8620	2643	7400	6620	6021	5615	2122	7314	4890	4764	5574	956	7485	9105	3012	4894	6838	1986	7299	7521	4423	1306	8400	3876	109	8861	5731	7767	966	9904	10	2750	9733	2683	8946	4230	114	7019	8923	6014	4560	5337	108	5468	9598	
9316	4642	8868	5840	2727	831	30	2135	866	5270	8201	3312	8725	7438	944	2746	1153	9805	3077	78	2813	5332	4013	1496	2272	8151	9393	98	3147	590	7993	4534	8916	5646	7405	7679	4165	8654	8393	6133	2600	2931	2249	3653	3110	9558	7379	6749	3073	9280	3911	5775	8329	3904	3107	2048	5848	6998	2156	2854	1945	6163	7614	6039	2364	6008	7548	5949	3337	990	5927	344	6097	2198	1487	2932	7353	3547	7367	930	174	3350	399	4771	6170	4684	7424	7498	4587	9072	9074	967	4772	7512	4591	398	4767	1311	2147	2121	
2142	9741	8270	1115	8631	7406	1797	9803	788	607	6920	4319	3683	3903	2226	1471	665	8136	3952	4994	4050	1956	5012	6385	6128	7199	4287	6077	1745	8198	2825	3562	4269	2366	5364	1229	8726	6919	9236	3724	491	858	7571	3465	8782	6355	4544	8798	2397	4326	2427	285	8284	62	9107	3631	9606	6092	3225	9534	7171	7013	4808	5713	6415	5765	9276	4127	7880	8110	8837	9515	4394	1915	8895	7799	8761	4802	2058	8842	7600	6228	4407	4899	7595	7534	1070	7538	4884	3814	2562	2465	324	2303	6532	8844	3195	2614	3595	1041	
2436	7526	7441	1744	2578	1234	7666	8794	1373	6971	6475	4056	635	7554	7230	5234	4725	9533	4690	8057	1677	7153	1647	7999	5174	3178	1416	1353	7633	394	4898	8213	3758	3846	5569	2074	2611	4363	5374	9151	1925	2722	5509	1817	3813	920	6020	1808	4022	5955	9583	566	2604	6244	5311	7359	2045	5000	9693	1327	4057	6419	6751	8247	3030	2505	9977	4404	6664	6728	6799	5992	2411	9998	2467	4307	1633	6747	1770	1559	9909	5383	5753	589	2853	1649	6405	348	9746	2349	120	4653	4687	1015	4173	7273	7677	2146	6812	2659	
7712	1079	4089	5924	6659	8190	2598	4676	4359	1709	126	1432	3886	9868	3744	3739	9943	4754	8542	9613	1806	7589	8743	5018	9003	1013	8054	1048	3170	4100	8404	4593	3695	7982	4040	342	1590	3989	6312	3398	874	6262	6905	3053	3759	1005	2084	8306	5342	830	8420	2079	6117	988	8193	9914	1612	1045	6173	4568	9263	323	8608	1644	9093	7927	4079	2544	9039	3838	5055	5338	4961	7380	9777	1608	8417	6848	1695	9268	7873	9663	6232	6609	2546	4938	1284	2290	5511	6246	9270	9692	4668	2143	913	270	7180	3384	5257	1362	
5272	6076	6775	2158	7407	1197	2492	3115	9706	3109	7797	31	8965	6302	8644	3901	302	1492	3346	9377	2766	4681	4004	1303	1976	4121	2576	7499	740	8698	8626	2549	4324	4645	3826	1794	1074	4440	733	1120	4118	1923	6476	7427	9340	4457	4226	5425	3993	5362	5064	7037	1717	3863	5365	1690	7825	4091	7194	8216	7450	282	1032	4418	3767	8093	3577	2129	9632	4177	7663	7609	805	3018	3422	8510	2632	6844	8107	9290	6644	3432	6166	9724	6797	1147	9420	434	6080	2425	280	9921	710	2844	9481	6079	6480	6825	938	6898	
5168	2887	1629	7814	1599	923	8967	8959	8777	7000	2344	4416	9354	7669	313	6924	9859	2358	3596	2440	9145	8382	8668	6696	6635	2779	8738	2094	8781	6627	3391	5817	1891	9315	9135	327	5348	9486	42	1760	8217	2729	9720	8504	1939	7533	8410	5907	754	7821	9684	6134	5663	8011	1670	5411	6740	3783	8279	599	9721	3808	2909	9277	5123	4983	1430	4281	9167	4995	5655	7929	794	2859	8268	4813	8902	697	2516	3081	8258	1078	8969	9765	8381	7855	354	1450	1228	1641	6748	5439	3567	4143	7696	7131	4748	1729	9529	622	
3967	6880	3563	3065	9402	236	6410	4558	2865	5305	6245	9506	2195	9008	7136	5363	6265	5173	6565	7102	4102	6833	8111	6481	5292	9424	161	9830	986	6531	6303	7375	8041	1954	7654	8584	1540	6794	7773	1134	1515	9694	7189	991	7527	662	907	169	1653	5303	3704	7862	7278	6407	4246	3359	3348	5530	4260	2866	5115	757	5032	8185	2417	1873	6983	9886	7062	1927	1676	7148	5714	9279	7987	7718	7664	9710	230	8812	4736	5149	229	8672	6288	9931	2360	5299	3055	3144	5571	958	7658	4598	5519	3837	4578	8996	298	5142	
6950	3789	3204	9038	9309	9935	4783	7917	8651	7569	3680	7864	3402	4833	3264	5603	1643	2838	347	780	475	3245	3363	8807	6225	5068	7381	4071	8742	6702	6750	7966	3696	4391	8839	2572	4636	22	384	8274	5658	6032	7530	5157	5954	6780	1847	2100	4227	5021	7908	2705	683	8178	9514	8772	7842	783	5318	7779	335	3757	4492	8994	3232	4927	9701	8547	3839	3657	992	3509	258	8145	9747	592	1287	1815	5897	1027	5659	3045	9157	9150	2473	7442	8788	5773	5347	854	2410	8757	6857	1002	1252	9503	6590	1470	5334	9917	
6908	729	8183	5500	7322	3848	5249	8327	9131	2730	6479	6625	5054	6421	2292	134	3054	812	3710	6892	1224	2554	9829	2062	5251	9220	9144	4064	7748	5163	8604	756	9238	177	8826	5	4873	7257	677	4461	3954	7138	6684	1874	7006	3646	5223	5967	2669	8989	8999	1557	5444	3665	5036	7976	4330	7511	8978	8683	6484	9936	3093	5062	9562	6519	4376	2294	777	2996	1459	6413	5984	8424	7005	377	2723	3606	2458	5806	666	1401	7923	2315	3501	6639	1077	8682	4216	7620	2185	5915	8513	782	6377	9789	2935	3543	6649	6082	
6220	5083	3180	6284	9348	1294	5206	8741	8832	4069	6278	7749	9653	2216	157	3915	1781	7489	429	8434	7804	3470	7277	5947	766	2326	69	9967	3609	8361	1132	5178	9139	5170	7306	3284	7329	8968	4049	4035	9211	105	8484	3033	6412	5910	3476	5847	4141	2252	7077	1282	2109	7579	9842	1029	647	3385	7162	8197	5973	7823	7710	9538	2437	8675	8528	8701	881	7662	2641	6459	1652	9258	4821	5326	9284	4065	9659	8530	6655	5748	4875	4723	561	9941	2861	8172	5979	7373	5293	8541	1211	8847	2314	3824	6800	5755	6120	1568	
2681	8379	2829	4746	2660	981	8286	914	7889	5171	3750	59	5106	4962	1017	9580	5005	7290	1253	6060	3345	8900	2816	3928	9367	5231	901	9034	4276	7267	5586	9669	7458	3880	1830	1533	3773	4624	2827	9517	9926	7628	9141	479	5256	8829	9228	5350	9297	4526	1849	3682	2442	9512	5455	786	4248	450	7811	5395	9407	8689	4572	5672	2520	2670	9807	5320	814	5953	117	4001	2616	6887	38	5853	9460	8206	6402	8708	5107	1922	7241	7648	4792	723	1532	6309	8157	8119	2220	9346	2884	4262	2394	3945	1219	5122	202	6203	
9878	7047	7107	6328	2399	3296	4901	8669	2644	5679	3062	4472	3080	5964	160	5226	6939	4122	203	4556	7682	96	3445	2828	5130	6125	1769	8822	7747	3875	9446	6352	4930	578	9671	1656	3437	5608	8838	7555	5290	2054	5017	4752	6826	7714	1405	6040	2921	6471	6018	360	5928	8567	325	8600	8261	4168	1726	7310	3574	7149	9500	1802	7283	2593	4458	2283	997	4401	4233	5550	5593	7517	4139	5240	2486	8919	6709	3583	1859	8052	9758	1813	7577	6186	5345	9900	3406	2187	1585	7426	7266	4874	5278	8490	6587	4156	8639	8045	
8955	2551	5796	8436	6053	8422	632	9932	1274	5673	3125	8289	538	4067	2506	1208	9810	6283	8152	7558	5827	6959	1795	2269	5998	2649	5382	3394	43	4298	474	3921	8712	7129	6782	5980	5554	2623	7274	7549	4998	9140	2328	4006	4724	9713	9351	6350	519	1771	5220	6089	6145	6690	1006	3011	6090	6001	4523	9688	149	8341	711	3834	4321	3810	5640	5410	6928	6877	3707	9142	6426	7368	8234	7627	3247	7335	7853	2466	5787	2983	415	4369	6473	88	3361	615	987	7782	3658	4784	8670	2055	9477	395	8568	5393	8428	3450	
9295	5483	6854	6504	6888	6514	6146	2939	1809	9396	536	4790	5956	6743	1464	6827	5151	3529	4389	8264	5943	7338	3373	7596	6172	94	8232	4445	7990	5752	5421	2097	2237	1699	875	5823	8005	6119	2934	6185	4250	4834	4644	7059	1816	3619	8219	1786	5734	4554	2678	5260	8064	3356	6439	3832	7333	4710	2633	6670	2056	3294	6543	1195	4606	3124	5254	1591	6680	5962	6792	5903	1093	792	1715	423	8884	6822	4567	5394	4386	2103	3319	4610	5670	2665	8090	5048	9183	1349	1833	4818	9227	1107	8211	251	7528	6444	7198	6772	
4817	6418	2391	7983	859	6739	9388	8863	2684	7770	8378	2806	8028	6468	653	8086	284	6126	4478	8002	7288	6986	3059	8097	2247	2169	9555	3034	2173	3116	1972	9996	5861	5629	4951	3872	3524	1968	3383	8017	3755	231	9482	9286	9434	5793	5134	3788	6993	3283	4081	8536	195	3691	2902	7638	4991	8744	1182	3752	2461	1800	7031	1723	5512	1255	8215	4123	8092	4564	5432	6494	8328	3528	8607	4863	7193	8845	1864	1145	110	4627	9392	2696	2020	8091	2208	7456	929	378	5263	910	8979	9086	8429	3057	7651	6260	7737	8998	
2767	3154	5404	4887	8416	8751	375	9046	225	9785	5075	3821	9666	1819	4462	5578	5244	6110	5573	19	5906	6073	2579	5758	5702	5023	8572	699	7348	7362	5296	1249	1290	1386	6904	8394	465	8194	2313	9359	9264	7296	4509	8269	3229	1899	9707	4138	5720	7868	4706	4209	5051	4372	1072	1894	5876	6783	4893	2786	307	13	3930	7143	4282	1619	221	4066	9389	8957	5166	4895	5667	5837	7646	7088	7557	5885	8719	4996	7293	3867	3907	9103	9927	3616	3899	3494	1846	7676	8578	9633	648	1516	3205	4630	2958	9966	7752	8974	
3201	8758	2028	9041	8359	8643	6272	5742	4966	5893	7337	5045	3937	1424	2832	4413	2619	5505	6414	1556	9761	4731	6003	2073	8386	9889	199	5833	4659	7607	6132	3368	5768	3638	1827	9920	8774	8754	90	8787	3629	4362	3820	1369	3309	2491	5632	3163	721	6178	6789	1680	5477	6926	6974	1216	1075	4341	7042	7686	4885	3370	7280	2339	6550	3515	5557	9100	6237	1467	3771	5433	3849	3149	7376	5919	7836	8299	49	1024	1164	1941	5487	4291	8352	6869	3429	752	3929	9752	4218	9382	6830	9054	668	7492	940	5386	4191	661	
468	1897	6757	413	9773	5666	8582	3554	227	679	5818	8559	5873	4366	7415	741	5138	4268	9488	8385	1747	9330	6353	2469	200	4518	5526	1702	3520	9832	1318	7297	1892	6849	8273	6765	6858	5878	1206	9002	9593	2031	9970	5860	7264	4547	7519	8188	8882	8389	1324	2930	9748	7216	6046	9195	6975	1264	4140	2321	4308	164	3591	5944	8653	7231	9501	9189	4482	5681	3459	3687	8879	7546	4129	1068	228	9887	4403	9247	1933	7447	9385	9256	8399	5763	1428	3984	4963	3261	1506	3731	1434	6793	5355	1672	6946	7086	5205	6150	
6841	2500	8049	3165	2747	5699	1181	1512	6365	2068	5978	7058	8039	9737	7486	3647	1269	2751	485	9956	5491	3600	541	1579	8990	4828	8051	6773	2390	6214	9942	8026	1323	2814	9831	9639	2140	4831	9743	5009	6022	7785	6700	755	3066	8970	8756	8310	6593	3947	5007	4742	2937	3741	4443	9716	6148	9188	4501	7750	4485	8642	8459	9685	8907	8050	438	9577	358	3511	7668	9431	3642	3484	244	3278	4479	846	3176	9458	6918	2583	4033	9948	6367	8515	4543	9991	9113	2501	392	5644	7202	7974	8814	4012	3454	266	1440	4795	
7858	3955	5189	7684	7501	3582	232	8335	6588	7414	7388	7699	593	6666	6140	4815	3250	9918	7247	9751	5843	2898	6996	9617	3334	6485	1466	3290	2275	1177	5834	7507	3959	3238	6517	8058	330	1499	9013	1232	4542	3800	8033	855	6363	6507	1973	5712	1501	9462	7454	5704	6665	3705	7382	6416	5080	2299	4252	9475	1347	8603	2626	9070	3802	4036	46	6541	7229	7391	3456	9463	8081	3669	8948	9676	6487	9565	9410	1732	4397	6695	6771	3845	1635	6249	8841	293	3700	6837	4108	1260	8088	5275	1011	8180	5357	5128	3462	4432	
905	6409	4024	760	7725	8951	5824	3753	9123	2609	797	952	6564	3525	2325	4613	8602	9895	2571	6852	6319	1875	7167	9442	5398	5797	4700	6285	3088	4355	1622	5830	4589	2334	2057	5273	842	6701	2967	9640	6944	2150	6652	762	3282	6951	3613	3344	9869	8030	107	2164	1477	6876	6253	1310	1368	311	3315	6572	9320	9992	4430	2348	2650	7076	6292	5161	6195	9441	8192	5698	9561	8252	2558	7413	4241	3412	9769	8195	1793	552	845	5547	1261	3656	7012	2770	2380	510	6037	564	8931	3969	4803	3287	2926	67	1336	8479	
3735	8367	3414	6310	3675	289	4743	1122	4937	4183	3272	426	7345	5176	6107	613	7410	1361	5413	548	9984	1413	9981	3095	5896	2496	4663	7647	6372	4290	6516	7599	8795	5826	3702	623	5114	6038	8076	5537	7741	9774	7874	2087	3246	8021	6142	1071	9119	5726	3270	3651	6712	106	7514	343	5561	3092	9690	9937	6042	9207	6315	5637	7523	4310	7572	6332	6497	5504	489	8338	4425	7449	2200	5701	2893	359	58	6400	8078	9922	7252	4466	3612	5777	1755	908	6399	1021	5498	2266	8776	9209	9560	5597	352	1782	5960	116	
1528	2223	4602	5838	4306	408	218	6953	2513	3898	3164	7888	3231	764	1003	2804	7843	9370	6815	1857	5662	7751	5985	772	1081	8913	8767	7370	2477	8164	9422	4286	7540	7715	4222	9573	1692	7432	3075	3158	2682	852	5710	5458	7033	5583	5810	9084	152	6843	6508	1948	3747	8747	2284	9556	7445	1698	4303	2106	3557	941	1469	5217	9655	9995	3285	1853	2306	3701	4619	21	8388	3920	7634	6742	8535	9928	3790	8995	3343	3693	7160	655	9451	2895	3555	4793	5562	9386	7258	3161	5381	7321	567	4169	9911	8014	3471	6755	
7692	7048	7762	4378	3506	1278	6105	6746	8876	5507	6606	1210	5957	7298	2841	1779	700	4647	6766	4340	80	7513	9542	7097	5105	3590	9230	6013	6768	7566	1919	3572	6529	9574	4315	5180	6547	8074	7365	5811	2797	3667	4677	6381	2180	8156	2759	7584	3940	1245	3743	1277	3010	5221	5600	7913	162	4154	3426	9511	305	1832	5800	3267	8981	9014	9181	8485	4720	6074	74	7732	9972	4524	7464	1127	6515	3727	5737	7736	3729	3719	7168	138	7196	3856	2489	9048	125	9987	351	2753	6802	14	6976	6213	9146	6183	3972	3041	
6123	5515	6808	1821	1420	9852	3611	8678	6608	4261	4903	5767	2002	2863	4027	7074	9755	1505	8403	4902	452	5493	8722	9858	9582	3027	9464	6293	2731	732	2757	4943	6570	9647	7250	6427	1974	5111	5621	5339	6151	3714	7915	3408	6212	476	41	3883	7127	3508	8071	7940	2672	1825	4688	2012	5809	9680	3943	5001	4232	3320	5871	326	3496	9492	4933	6191	4058	8518	6108	4332	8442	1839	6044	1422	2168	3975	4788	3551	5133	3670	8694	5781	9032	4204	8360	9122	4047	3477	2690	6205	3713	8527	5761	2526	611	3433	1648	4034	
5533	8450	3908	6518	5745	8128	9112	128	8458	6819	8131	5069	7451	3976	8734	7254	3624	5319	4733	3469	8581	8574	7756	7863	669	2928	3514	1942	7655	5886	6786	9071	7061	4539	5620	8391	2999	8925	4923	9717	9863	2271	9999	6131	9232	4713	9627	4643	9248	5804	5508	3977	9387	118	7428	5631	7707	9681	6544	6024	6995	8184	9872	5424	5302	2008	6252	2511	7796	4245	7491	9465	6296	4892	834	4288	5081	4323	6891	4506	7795	9521	6867	5849	4258	478	6929	1439	5689	6241	3404	7624	6694	8330	1503	2482	4225	6584	1766	7395	
5140	260	3351	3934	9318	1818	4867	6962	7067	644	1860	6171	9472	1748	6034	3210	3006	3131	6041	8160	6890	7525	7422	6715	6329	1711	574	6192	580	4361	7918	7565	727	6559	5072	1056	9180	6211	4062	1478	704	1902	6522	6893	9759	4257	6441	9845	4779	7924	5675	8037	3988	6301	9233	7251	1446	5535	1119	9030	3355	8877	4914	3892	5601	8438	8784	7653	8983	4949	8166	301	3703	8544	7516	609	6264	3488	5676	6513	4807	1962	3804	7219	3539	4601	4646	6297	8992	5237	4084	7469	2420	1380	4235	1509	5945	9349	7020	5730	
7996	7318	6219	6512	7903	5253	6155	2577	4883	1118	1526	3685	5581	7575	2059	4880	7218	4800	3518	8940	7719	3873	5341	1572	7504	265	9182	2692	1714	9007	2193	1661	4055	1049	3193	7038	4090	5618	8055	7186	712	1657	6068	4239	1884	9106	8370	7215	5705	3127	7214	7819	2472	9719	3541	1952	1400	3403	4941	7553	7547	4441	7691	3749	2165	1035	716	2776	8715	5879	7787	7636	4827	5141	3661	701	8548	8729	1357	4197	9519	9683	6188	6692	860	742	6326	784	9623	2219	7105	5208	5228	6551	9821	6676	971	490	4483	7678	
8122	7205	6299	2118	5766	8397	5546	8196	6663	389	3099	8377	8611	4400	6486	1462	5197	9425	4493	3996	3234	7108	3598	3674	9363	2807	338	1683	3487	3322	9861	8540	8885	7307	6343	2443	2218	1136	9275	2499	7378	6351	1736	8405	9051	2646	3941	8473	5236	4837	7439	6640	283	4030	8991	560	8376	5396	8460	3906	2647	7761	5099	7303	2152	3298	5085	8520	8000	129	9808	2166	2295	5836	4186	4503	1240	9949	1009	531	4481	9800	3722	7029	7899	5983	3768	4347	5888	5462	4385	3592	6112	9691	39	3097	4093	9770	4470	7753	
3807	8105	5187	7203	4373	5829	9664	7113	3190	8505	6622	7384	3633	7922	8260	1989	7759	9938	3706	4348	8311	3485	5556	5042	5475	8383	5717	9531	9190	7323	9440	9767	3468	8647	5516	1214	2839	418	8101	2602	6102	998	8867	4797	6981	8162	9753	4682	5082	7385	2212	8709	6009	4313	9520	2995	2570	6653	234	4427	945	8803	2384	8120	8077	4456	5894	5502	1646	7916	3620	2253	6483	1605	7875	1630	9960	7253	6835	7109	7154	6452	7225	9757	8012	6607	4039	3130	5078	6650	9060	9324	2695	8920	1724	8082	751	7364	1814	7822	
5261	1008	4861	6258	5744	5451	4339	1803	8987	3410	7479	5900	6633	3242	9749	8554	2634	2468	8372	3958	965	9115	5604	4535	4171	8231	5297	4584	7137	9579	8066	4015	4214	9175	6899	4159	6903	7933	8035	6010	6266	2856	6462	1600	3871	4377	2985	1356	5690	2418	7709	660	4910	3627	7650	7007	8645	5077	3597	5301	8816	7783	3831	8817	2688	9823	170	3251	8897	9079	5367	4279	8272	6330	2947	3310	3058	1266	5937	1160	3545	836	7728	2758	6947	66	3686	2471	8351	1517	6162	6017	8445	4018	406	4776	5958	2892	25	3822	
4083	5975	9267	4986	7490	4548	9896	7152	5346	8326	1931	8662	2552	5191	102	4228	9371	9285	6851	6526	984	7703	7351	1979	936	5284	6592	3815	3217	8209	8263	5756	5092	970	9166	4431	3307	3698	5129	7325	9994	4778	7201	9590	657	6094	1667	1348	7815	7455	6210	4637	9726	724	8448	5053	6669	3489	8491	5996	7591	7357	5743	1564	8118	9536	4660	6994	3961	9042	4633	6689	6182	2801	8482	808	4128	9184	2784	4971	8095	1383	369	1841	6420	2873	4412	279	8069	6525	9603	957	2972	470	8596	2300	5901	4911	9874	4829	
3448	2599	7130	7350	4476	3423	1575	6238	7217	9910	6201	239	5354	4756	3369	4519	3733	7052	6387	3483	2820	4342	5434	8790	7768	5376	8046	7824	5976	2367	8870	9468	2868	4909	888	6234	4112	7087	6823	9326	9622	6287	6431	492	4029	8036	7305	5288	3431	8199	4294	5844	5125	3622	8917	5449	1835	7856	2476	1671	6506	8740	4010	2869	3000	6847	9453	3503	4504	7363	2867	5344	6069	5314	7043	7803	9714	9818	4979	8737	1101	4032	7262	6251	5898	3573	2190	7921	4931	3101	9924	9415	7466	4270	8525	8638	6787	8954	9378	8597	
7839	6307	7114	6255	5638	8163	2545	5891	4985	7984	9174	5312	6061	7069	2964	9552	1665	6338	2973	8519	3279	5566	8953	565	3522	8409	5446	5633	7221	3199	2113	5104	9347	8594	6277	4522	7259	5063	3635	3189	1555	5496	206	6291	5024	7979	6375	5476	6047	6615	8755	339	5952	8848	676	5144	7520	3785	3593	7851	8141	7919	2280	8869	3772	4020	2835	8124	85	8773	4757	8791	1856	2402	8007	3008	8126	3106	2510	2772	6023	1403	2942	3756	3122	9628	2676	7989	4511	1265	187	8887	4699	546	6227	1256	1594	4037	8396	7409	
9539	6866	6733	8031	3362	4333	7237	9127	6267	7268	6361	7123	8529	9665	5331	3835	6585	1073	5466	7024	4043	6774	2905	7689	5358	7429	9703	809	4577	6648	7642	4852	5135	5370	7870	8587	7256	4891	2363	4011	4213	8947	7602	3160	9040	837	6327	9596	4442	4284	8337	1912	6632	3811	3860	9456	7419	9654	8872	5591	3617	6050	4331	419	3183	3086	4336	801	8019	3576	99	8309	2625	9426	4629	3782	8785	7387	6144	1007	4727	3913	5039	4085	4181	9546	7997	5693	6208	4352	2508	4537	1385	4116	2878	6708	121	1268	2449	3452	
9412	386	6520	7170	7644	3502	4622	5825	8956	7158	9294	7294	6075	9368	3887	9496	6921	9436	3227	6174	3435	8431	432	2911	691	1250	7774	6811	8724	8577	6945	4719	5510	4254	5050	2903	8982	3113	2606	2207	6968	494	9687	7535	1023	9629	3888	6527	3354	8780	6180	9108	4959	3902	3134	4734	4615	6549	6754	4114	8043	7590	8824	6613	6870	9672	7568	6143	2176	1410	8589	2463	5252	9066	9634	2373	6612	4078	8371	9080	4856	8319	5406	4823	9547	9092	4955	6477	6997	5725	6336	8800	7040	7562	8285	6099	8443	8866	9930	6977	
8660	9266	3357	9915	6030	1381	6160	9169	7616	9101	4489	3203	5016	6114	9645	4582	681	8121	5091	5607	8044	6087	3187	3196	8104	3971	4657	7285	3461	3119	3036	4343	813	5146	1783	5616	9715	5543	304	6157	8212	8553	4468	6881	2906	5248	3001	6153	2809	8290	9732	4424	8912	4356	7211	9097	6538	8137	6574	3570	4325	9790	2966	9850	5459	6490	8332	2243	7002	8891	5118	3023	9638	8462	6298	8588	5912	5034	650	500	5678	247	180	425	3523	3172	4234	4428	4841	7778	9043	5596	9342	5782	9695	9325	3297	3035	8481	5697	
3218	9499	5460	8976	8910	4745	4972	7082	5584	4604	7789	6360	1283	3241	6122	5771	898	820	1243	7147	5215	2941	9088	5995	1964	2773	6638	8242	6839	6159	934	5611	5192	1140	8454	8271	5098	6605	2994	8265	8353	7886	4862	2824	2991	3711	1570	1376	6325	8811	8287	3877	6963	4765	4666	2885	7726	4360	9950	7894	3962	7763	8493	795	6691	9485	8506	205	856	5471	4405	7190	3211	7453	4192	827	4031	9865	968	3723	2421	8127	373	7134	7184	5027	4496	8859	3381	8244	7981	8254	603	1510	9772	7271	8576	1759	5966	6440	
8094	3129	1019	5754	6722	5799	2791	6433	1227	7404	3709	7295	1291	7206	6250	4393	4897	4945	6889	3026	9982	5700	8717	4042	6721	2922	6209	4912	9307	9609	8768	6631	5218	5899	2787	3956	8210	2860	5117	6601	6429	3481	6657	5287	8820	1893	4236	6373	6693	2793	8472	3688	3257	3499	9775	2022	7339	2601	2961	2677	6306	3786	8633	9298	5539	9329	4119	5428	4607	6603	935	5259	5869	3925	9333	8259	40	5648	8333	6261	8348	9401	3558	4273	8789	6776	5828	8635	7574	6067	2899	2805	7722	9784	6935	1909	5855	9792	3240	7001	
5938	9559	7233	388	5371	6509	9795	3953	5426	3031	8595	1387	1634	1851	1865	7248	9249	3327	6152	8463	9177	4467	5224	1065	7035	3565	3491	8089	3455	4850	9221	9554	1004	9253	8526	7671	9881	2130	4944	1475	8690	5568	3895	6169	8873	8366	4383	9838	2735	3884	7155	9969	870	7440	6488	331	7461	7234	5437	4392	6482	2445	5401	9566	4936	8010	4021	6095	7508	7423	9361	4370	6176	9675	8932	7995	2354	3894	5361	4507	7311	7884	4741	5657	4612	3623	8592	3495	4460	9409	3105	3946	5994	9082	1883	7036	4954	9545	8623	8187	
9196	7688	4240	6065	2595	2333	1204	1918	501	226	9589	3546	8475	4859	8342	9010	6804	9259	4000	2519	2235	8676	8586	167	6567	8048	6681	6862	1921	4353	2009	7245	7355	4484	7276	921	2783	299	4387	791	6229	3146	1995	9607	4569	8466	8138	1054	7612	1693	2138	7721	7210	6505	132	7950	9725	5577	5649	2085	144	5495	1901	9192	1718	8159	2141	3527	3419	4760	722	3983	1067	9156	9871	5499	9682	5019	2936	411	596	802	2347	2116	9630	5858	9379	7960	6828	1094	1178	4344	7100	916	1359	1399	2435	912	1497	5153	
4415	2478	8123	9788	233	8855	4696	9438	1820	2077	7176	879	1474	7618	6956	4592	2093	6054	1022	8764	3132	1488	8029	318	5407	7119	9064	2627	796	8144	728	4002	9364	8099	3603	1513	725	5418	4510	6569	9281	5090	8243	5108	6031	213	2708	2662	4721	1534	7166	6707	2261	5150	6449	6383	5200	8495	2799	1108	5384	2296	7315	2431	8304	5856	4357	1307	26	5222	75	1731	5736	7392	9857	6290	1187	7090	3980	3533	5776	1858	4555	6979	7904	9210	6015	3076	4758	9021	525	2224	7615	1774	5922	2497	8797	7869	2214	1868	
6324	6147	1476	1156	2377	9136	5913	5392	5623	6563	2331	4109	8276	4474	2876	9783	1043	9530	9023	628	9883	3329	4842	3601	1737	954	3308	3185	6545	4146	3649	6435	2555	2041	1524	3540	1308	1130	484	2230	142	8650	8223	8915	3645	922	4164	6568	3479	7096	663	54	5635	2989	8942	366	1254	1722	407	4774	4278	2540	4329	7255	3791	2353	9384	9302	9513	1628	9963	844	9313	3866	9143	4293	2124	4180	9429	9929	4579	37	1199	811	9615	9728	8950	56	9971	2537	4851	2978	175	2645	9024	5486	6051	6611	2679	9163	
3585	27	2459	421	23	1494	1319	6456	91	2733	1876	3720	5143	6999	3998	7776	4007	6286	1085	714	6816	3809	8432	79	6948	4559	4830	2719	9571	6562	5409	1346	692	6106	3259	9360	6436	188	5323	2527	8606	506	7291	8427	2413	6724	5579	4411	5630	6720	5327	6386	3112	6454	5316	6066	1728	8937	9816	9817	768	4844	9908	6233	4625	7970	2423	770	1491	9178	18	5022	4256	9124	1900	4876	9621	3982	9876	3051	9678	8176	664	5204	1329	57	5478	4190	1838	1209	5377	7484	9797	6401	2951	249	6424	6103	336	1798	
9411	8430	8793	2403	1289	6422	7953	8205	1953	7536	9523	5015	2657	8324	1414	3228	4521	886	6274	2483	1811	9879	4292	4712	2003	4651	7352	7236	2564	8251	6580	2302	2139	5684	3917	8297	1907	7399	2448	5479	2752	7673	928	2612	9699	5575	3510	787	8765	9062	473	6135	8523	8613	9161	2642	7064	2104	8240	5415	9234	9978	1602	9461	586	8483	2298	6268	2386	9050	7539	3478	6390	1662	5472	6425	2848	5769	7792	1352	9444	1174	9712	45	4215	3153	9891	8108	9602	7675	4115	7011	2268	514	7457	4014	2969	8552	7576	8067	
1810	9923	4500	5560	1928	4512	3678	9075	7496	2744	2013	209	4272	1026	9642	7473	6282	261	2337	8149	7041	6583	2409	4179	2663	9254	8928	6257	9057	2857	4328	2215	1012	2785	606	8893	7643	3118	2992	9206	6478	7942	1935	3300	9450	4137	5613	587	254	2704	9416	2071	7191	747	7510	2001	3823	6571	2689	9085	1281	9405	1317	5703	2256	2376	183	2112	9864	1913	5779	7141	9197	2699	1437	179	8478	356	8476	6374	658	8702	6239	4207	3269	8835	5941	6798	2128	3916	1998	7383	4172	3519	1102	6331	7482	4374	1993	6493	
9965	6223	6990	7366	7957	363	1753	2188	4770	8834	1640	5456	2620	8511	7120	2914	1198	4594	6461	9608	2356	9877	7700	4099	6909	5868	215	3553	2621	7861	3957	8063	3746	9056	9940	9117	35	9296	6395	932	7578	3864	1116	9846	5076	4571	7347	3490	5589	3352	89	6167	5352	646	3535	8502	7810	3364	1740	9323	9033	4819	4553	1502	1247	4449	9656	4513	7386	2342	512	9843	1040	715	1495	4729	1236	2205	2395	1392	4590	5822	7393	4497	6181	7026	7472	9237	1930	6078	7080	7594	4773	5165	4759	8230	8677	4277	2157	955	
5890	4814	604	7316	2017	4680	2959	8169	5624	3013	4163	8339	7812	3891	3044	7777	1978	995	6093	5872	994	1295	7118	5120	5209	895	1038	7003	1862	2365	3666	804	2543	520	5870	6685	4726	9916	6542	238	7034	6942	2553	3589	1016	5723	2487	806	1363	4429	6960	3207	7164	4300	8179	5066	5453	3371	5035	1586	5229	873	2286	4583	4674	9616	439	2891	6630	8802	6791	2301	9661	6853	3335	7582	8853	9036	6305	147	1823	1001	896	250	4701	9599	3173	5408	2539	706	101	4312	3277	5999	5207	4167	4477	3239	1541	1707	
9954	9762	5429	9319	562	8971	1248	8224	9736	4220	8938	2206	4105	8851	803	2336	1270	2913	6489	2518	5390	3321	4005	8214	1335	7394	5232	2388	444	2251	136	8632	8401	7964	2982	8390	4111	6438	8444	7159	3200	9149	828	5145	3939	1601	4406	5706	9476	2608	7744	2182	6911	7145	2412	8637	7071	5572	84	9689	7212	1969	3721	1886	7973	5470	2172	402	4857	5196	8988	1983	2484	1394	7911	3096	2262	9130	9624	9730	3443	4211	6927	2764	3271	4738	471	7657	511	73	1465	4735	4417	6557	6111	76	5874	1764	3446	7947	
17	6980	1631	1273	5986	1483	518	6354	5523	5715	3716	9345	2174	7243	3960	6621	9835	1613	618	87	6463	4253	8563	5203	839	2082	5216	262	6879	1943	1257	5628	3521	6741	2163	9078	328	5315	7610	7073	2584	9588	349	4921	6829	3114	5651	6906	3188	486	9376	8022	6760	8883	4635	1975	9673	2228	2818	5366	3438	3072	2637	8267	8364	6362	2305	7094	6279	1926	5735	7784	3016	6972	1080	288	1791	6345	1914	131	6389	8570	6043	862	9068	9778	1429	5895	6954	2210	8686	2988	8977	7704	2780	9527	1444	8593	9473	4231	
817	8461	4847	513	7943	7698	2702	6230	6216	659	8962	6577	9194	4367	8561	8392	4464	2628	6341	3862	2308	5965	8344	2067	7952	1086	5553	8674	5789	7895	7674	5570	6610	857	5605	8665	8911	1000	9327	8358	1775	9397	2162	4094	345	7859	4809	219	9081	4304	1721	2582	5473	7397	2556	194	2144	6713	961	4160	7529	1262	8239	6861	3708	8809	2890	7200	7332	2803	4317	433	7343	4452	6221	9257	5389	1131	4913	7898	5790	582	4628	8292	8601	8065	5857	7157	381	5660	70	2408	5121	1191	1378	8	4420	4670	5772	4881	
7832	2589	2673	4652	6984	521	3126	5457	576	7632	7032	4549	4495	5095	61	8312	6952	7670	4928	2242	8681	9198	1743	1425	4799	696	8098	5126	826	5541	5265	1237	9104	7044	446	4529	9631	9058	3681	3854	583	4768	7771	759	7687	571	6656	3168	4950	8583	9867	5721	6207	3103	2534	779	4877	6496	573	9750	2528	3923	3440	2667	1092	2209	7463	1904	8154	8253	4641	3673	7621	7991	894	3671	4603	6661	422	453	3912	15	4025	7389	3655	1448	2771	9592	5803	5968	81	1746	9976	8617	1581	8538	8516	4455	1908	5602	
9028	9882	7593	734	9403	5925	8300	5379	3973	2830	6967	5501	6391	9625	4044	7724	8921	154	8590	7807	7934	4935	708	6737	1371	1231	6699	7613	5124	9272	6646	1201	6411	329	2250	420	3922	9111	8298	1358	7592	5049	2137	1060	5691	2066	7731	9744	2316	7183	1058	1095	8173	9063	3175	2512	8571	6679	8860	9261	8061	629	2259	8106	2368	9137	3192	4626	3697	2035	9674	6845	8301	6624	9185	4210	435	1958	5805	7300	4152	785	2107	815	6190	4463	7840	4581	5103	6671	8562	8721	3677	7967	4866	7518	4224	2021	526	5993	
8625	3265	8771	3256	1193	220	2053	9408	8056	3428	3375	5089	9176	8960	3885	6503	2808	2635	6718	5243	4402	264	1977	2029	9576	2962	3526	5808	1152	7509	8008	8446	1950	3819	1869	9483	8447	8819	7806	2199	6940	3853	3725	9822	4728	2407	3865	8599	6129	774	1569	5412	6460	2721	2986	2762	1679	2531	393	8727	1552	6873	4580	3360	4048	1522	3538	1046	3664	3542	7238	4623	1880	7606	530	508	8001	5812	5353	3316	2749	196	8796	4174	1030	7847	2568	1752	5582	5564	3640	3007	3221	1172	532	2668	308	2605	8627	8464	
459	3639	6378	7780	7354	2711	4671	9044	3048	6403	7436	4130	6831	7701	2438	1033	8334	4926	3844	7016	2089	670	848	8833	2381	6397	6943	2485	6697	824	6729	7542	207	6723	9118	275	5013	3486	4161	1246	726	1719	3052	4166	1	6451	6805	5211	7398	4063	3078	1034	1445	1701	3009	1463	5683	7556	2560	2159	9866	4882	9120	7009	445	626	5783	853	2998	7972	3276	4188	5298	3411	1754	9644	2090	1103	3108	977	7334	6070	8494	2800	9739	9635	9487	4350	8679	2900	2525	3396	709	5109	9870	3138	155	6596	1796	5317	
931	5179	5002	4345	5497	2639	7817	3209	2276	9988	6576	5097	7444	9836	7402	2027	6842	3689	4650	730	497	8871	2197	3672	4669	2263	687	5008	9229	1706	2948	9610	6730	7629	8139	4203	2255	1896	2701	3684	7502	8926	1328	1785	9077	5862	5780	2851	4259	4907	100	3769	5423	5343	5514	9159	4505	6658	630	9121	2726	1845	5904	72	5732	3332	8904	2833	6964	6242	7220	1069	6358	8657	2718	2581	4041	8418	601	6215	7597	440	640	6058	1062	5190	7503	8218	8550	5719	1449	983	6059	7866	6688	1500	5065	2019	4473	6872	
3766	6006	5037	4740	5193	6762	8646	9467	9090	919	7144	8294	1787	8684	6759	4208	3382	9903	1096	673	7046	4200	466	7140	3643	2	4532	5071	953	7416	6443	5565	488	4766	124	2016	9650	1409	2881	7988	4616	493	447	8555	3474	1364	6871	7879	4274	7471	2547	143	5538	838	3575	9796	8695	6393	3111	8543	1221	4832	6795	7412	2379	1014	7683	2769	5255	8661	7177	8456	1271	2136	4665	8469	1286	1337	204	2561	2488	4335	3497	8792	2707	1519	3303	6836	9231	7135	4453	4965	1906	5665	237	982	3378	1687	537	1121	
6062	6231	9031	6556	4530	5920	4185	522	553	8453	4120	8766	5963	8040	7495	2227	9735	4003	7282	8221	8203	5102	3874	8500	3047	7897	3220	4142	7550	4194	1959	362	9322	7522	5599	1946	34	3730	1756	7292	6098	6434	7039	6686	4223	3650	7955	7743	8545	1235	7640	9341	2548	5911	1957	9138	1436	182	2134	9053	4147	7760	2361	9652	2051	9601	7460	9711	1408	5136	2566	4358	2108	355	1205	3117	972	5306	5587	4978	1576	5636	472	6197	9614	2855	482	5695	8222	2052	7302	2338	6534	3140	4826	4997	2111	3091	577	3900	
4967	1588	7008	8546	9825	242	8498	1388	799	8621	7279	8514	4351	2171	193	4573	8707	276	9894	2957	6756	1259	2398	6764	7054	7287	781	1595	481	2446	2186	8827	3690	2504	6817	28	137	1561	4150	5592	883	1419	9484	6586	8961	8759	3	3745	2036	8997	8419	5116	4561	1149	1967	9414	1192	2038	926	3248	4219	6914	9649	9905	4135	8116	6349	4538	4408	1963	6314	631	8549	5801	1473	3202	6790	5863	3167	4905	8825	2709	8618	5387	7050	7420	7739	5741	6049	3123	6442	4673	3155	7949	6561	2076	1844	7907	4289	1603	
5484	974	3781	3150	9958	2918	5435	3280	7802	332	1713	964	201	689	1223	2970	7326	5988	4054	2434	4846	7775	7765	7975	436	3726	2203	9780	269	52	6761	9548	2246	1241	9448	8564	1848	5147	4271	8414	6683	9350	1696	8927	9696	5096	5814	2046	9245	642	6085	2981	6923	7169	8313	4364	32	2202	800	9069	5606	5238	8874	2494	1553	5518	9479	3212	8783	6674	9335	1433	6917	7150	7978	7631	6784	4973	7660	3851	7497	5647	4609	6318	4843	5930	2383	9478	2697	455	1481	555	9168	885	8746	4848	6643	7735	2131	9754	
7667	4924	535	6388	960	499	2954	6882	7902	6589	1639	6645	5563	8433	5199	8112	7639	103	350	4175	5612	8455	1025	1638	2475	2618	4198	2680	4515	6558	2153	8115	5239	5923	6218	9311	8018	549	3162	8345	184	1135	8250	4296	3569	9125	6269	6081	2671	9283	2585	8497	2573	1620	1623	4346	1936	2126	8786	7312	7110	4238	309	2307	3699	864	558	1411	904	5388	6091	6637	9126	9997	2132	1355	6333	1685	1396	9328	7622	4265	3840	3064	7912	1840	9535	2480	3964	5948	6745	4444	6969	5267	7488	2133	9951	4433	6406	1504	
2414	257	8238	9888	8713	2563	1750	443	3938	4550	9890	8933	5112	3083	5041	2385	3513	6036	7121	5521	5031	83	5291	8898	9239	9009	9989	82	1536	2025	1179	2474	5590	2522	3473	9047	3171	1299	5617	8779	7494	8878	8573	7481	1166	598	2880	2287	1757	1141	3223	2432	364	6672	4092	3505	1493	4113	595	9902	1924	5308	890	8945	8612	8531	544	7848	790	2541	7430	8640	4399	8728	4586	4934	7174	9428	7320	7049	9369	2285	1789	1431	1854	5177	2664	5609	667	3071	3028	1018	9880	9594	5233	2265	3607	3024	9641	4068	
3859	7342	7418	1518	8492	7930	210	7358	6161	9219	2940	3760	3358	9528	1087	4491	2629	8349	6396	4753	1066	4552	943	4148	1161	8114	7564	1805	9454	4575	8129	3040	4490	5852	4498	1597	397	5230	5520	9704	2221	3604	4155	1877	2530	8763	9697	5351	550	5004	246	3549	8972	498	3793	2717	6141	6083	4508	962	769	7344	417	9423	8083	2720	9771	3556	6295	7705	460	4922	4237	5322	2098	542	9933	3626	4611	2248	1404	9305	8439	523	8200	1366	8711	2651	4957	4205	2204	2049	5850	2213	5880	3043	6189	5324	7532	8006	
6629	4052	4631	8109	2217	6539	6884	5902	4804	334	3311	3425	8474	4707	7742	9433	1606	7446	2929	7004	1604	1730	8918	4708	33	8499	5213	1275	291	9973	414	5650	5598	9814	3833	93	5639	6916	8509	4469	3578	6604	8408	7192	2070	2591	7541	1885	2279	5841	5400	1276	4854	2741	1188	1288	8241	405	1458	7685	8699	2050	1567	6703	4551	6859	7611	2946	3544	4836	4038	9344	176	2264	2270	5762	5427	7161	9303	5282	390	621	2400	5545	2943	5067	1855	4968	8685	8750	5225	8449	3715	527	3579	9193	3692	1150	1207	5622	
1708	252	7207	5961	1406	7958	9160	9734	1151	5525	8579	8688	637	6235	3662	8924	634	7249	5749	2874	9955	7175	6035	6164	7089	5619	4588	7239	8087	649	5329	5195	9380	8321	8939	2924	3353	4722	1479	2596	8380	9116	5522	2908	8615	9301	5485	6813	9585	8813	1010	4244	5926	9731	2355	4692	7505	3550	9885	540	9705	6118	1418	2886	3128	1427	3566	9469	2430	3950	3387	5397	5865	7270	9809	1165	3038	9067	2919	3299	2043	306	5061	3816	5595	6470	9059	1325	5469	8501	3436	11	372	4942	3002	861	5696	4459	5202	2872	
2754	9827	7587	1158	8521	1593	9708	6398	4825	8228	906	2245	3648	3421	8892	267	1616	8325	7543	2018	6029	9365	1681	3314	4189	591	6492	4125	8558	7468	6801	8308	9187	5030	2631	1609	9646	1133	2588	272	3615	7790	5643	507	1762	5625	2037	8085	675	4446	6949	2069	9110	1189	1076	7860	7962	9288	3981	1712	2175	5839	2761	7914	5770	6339	6554	123	9435	7838	8748	9670	9244	1739	3087	5056	7474	5727	4751	975	1523	4525	1057	5757	9026	713	8888	9265	300	1562	2257	1530	6595	6348	9252	2322	7128	1558	959	178	
2064	4639	865	3564	8102	1417	7480	1089	3926	5340	1233	4275	361	6025	9893	3100	1660	8161	9310	9572	1341	1398	6602	4365	6533	5044	3963	2603	8080	7900	4414	8398	8752	7909	746	4816	321	4251	5373	7649	6056	5276	2794	4896	8943	4380	1490	315	4621	9164	5175	2229	8692	2095	5101	1910	1196	3621	5307	151	4929	456	8769	7693	3472	9217	8610	980	7793	3842	2452	2170	1889	6113	933	6865	1920	5524	8973	4563	9025	6598	2586	6320	822	3137	8368	3829	6864	1867	504	2580	3397	4686	1316	5378	1322	7260	4939	3289	
8890	3208	4683	7834	5162	2244	9766	1539	5188	2852	457	8656	4716	3507	1565	211	7604	7240	4354	3094	9782	7465	3517	1061	1636	4999	5990	1761	1529	6537	674	5559	3186	2715	1395	6453	950	2613	915	379	9321	1688	4704	1994	821	8084	8248	7506	6467	6978	3206	8150	5778	4886	4964	4202	7971	9001	6575	4196	5529	3074	5671	3159	761	1242	7805	6675	7857	7645	2033	1047	9242	1618	8113	47	8047	9564	5588	3039	7448	6194	7794	5832	5626	884	165	9383	9012	163	4545	6767	7346	9768	8697	8889	5807	2590	2755	5422	
1725	620	3742	5820	918	2332	3568	1890	9016	6447	5241	2371	1148	8984	1982	3339	2550	8373	3366	581	7661	7304	7106	8854	295	2030	4982	1169	8317	7786	8070	7181	6560	695	8770	1710	878	3493	2320	3737	7965	4600	3338	3453	357	416	8762	8027	1342	4499	1773	9203	2610	5594	3323	9919	8140	4618	6198	939	8465	5360	5250	9271	1689	6004	6856	7716	409	2429	2691	2042	1703	1125	1668	8864	2072	341	917	903	9455	1514	4314	1580	9109	4095	9983	1625	7872	7818	8413	4960	3133	5881	6896	7588	1036	8691	2529	4471	
7977	597	3978	2507	1866	2105	7476	8557	985	3021	2044	1162	8362	6280	9947	7	6055	1489	3637	3890	1578	5785	7483	9912	9657	6368	4640	8760	6	7816	7328	383	2211	3924	9029	2293	1763	819	7998	5877	3795	5918	5467	6931	7740	3857	1168	8315	3305	2538	1767	1267	3243	2495	6316	3049	7734	7173	3090	2096	20	9337	1104	4614	7475	1138	847	5835	4667	6071	851	68	3416	4086	717	5716	1050	5416	2441	1999	5182	7434	5450	3420	3463	5349	8060	5043	7187	6500	8560	3618	5038	3392	296	6704	7959	3237	148	899	
1175	9170	9760	2821	6121	627	515	9020	9314	1344	8350	4822	7331	9172	8935	8778	3882	4195	4664	1947	463	255	6777	263	9362	969	8477	8316	6104	7178	8922	2502	7028	835	1377	4132	614	2415	3331	8732	2849	7656	8407	4853	5214	1159	317	8457	7083	449	6982	7244	8278	2428	3236	7717	8949	2503	4864	3999	2115	2836	7946	5212	7781	8165	5269	9851	5932	4221	736	575	259	1498	7905	2788	3944	7014	8993	6240	3843	3500	3415	5729	9439	1985	5661	1563	6404	9738	4465	775	6136	396	6714	9235	2234	2335	6005	4732	
5981	431	1423	2352	4805	1438	3858	1610	767	5821	6546	9892	4061	9490	3775	8053	654	8537	2310	7697	6719	4436	1799	999	2119	778	2345	3390	8693	4060	9045	1064	2060	9158	8441	1379	1879	2015	9990	2277	1852	496	5816	7881	8415	5759	7246	3761	2231	1105	3717	516	1955	340	793	3467	5058	2343	3504	7372	4617	8930	2374	8015	8487	867	5864	9035	6616	5686	1863	7941	3254	9686	5198	3836	863	9223	2330	8347	1758	8365	3244	2092	3852	6579	2971	5321	3889	5443	4126	140	9394	3965	3046	1776	5003	4212	64	5011	
6727	8275	8716	7072	5052	4384	6619	6101	9133	9152	5155	2666	7945	2955	1042	4450	9027	524	6100	2515	8622	8673	1106	1285	7053	2685	5480	9985	2375	2728	8836	4730	8281	2039	5294	9959	8227	9525	3413	3061	1932	4098	2768	3588	7829	4017	6382	2406	5172	1338	4904	4016	4517	1194	8016	2843	1674	1217	6137	4153	7938	9740	5186	8503	3148	4787	3787	7563	9447	3532	5283	5774	2796	3548	5127	2282	6033	2319	6392	2831	1777	2716	1673	5760	1222	3641	9839	1484	9763	1560	8307	4149	6900	9400	2624	7524	5708	8818	7583	2439	
4918	6432	3152	427	4989	4502	2703	7401	7132	7665	3401	3143	3342	9524	4297	7876	9269	4395	7626	1669	2968	6304	2201	6566	1691	9516	8539	6535	9470	6149	2858	8425	4368	1571	9289	4439	4987	243	5474	8534	850	9300	6803	533	3056	6206	1573	6474	5819	5740	7754	112	4106	6600	6158	8856	3580	6706	1596	5889	6322	1543	7723	6922	9308	678	1452	2081	7625	2238	8323	6248	8524	7841	464	3181	2925	6818	5540	5859	8451	1511	5567	4947	2120	9648	9357	7672	6423	9557	7561	2712	5417	5328	2233	319	1083	7182	5555	2359	
9282	3266	7126	6894	8288	6334	1213	8749	8985	216	2693	3970	2592	6682	2091	9491	9907	3630	3430	7018	551	4820	6321	4737	1114	5110	7369	9944	248	4917	1112	1507	8406	9702	6846	122	1970	1190	1146	9212	502	2154	7708	7056	2493	2765	6499	6156	9840	467	8667	8395	1482	3141	2127	9833	6502	543	9502	7854	1170	6012	6408	7063	5335	9132	2907	1142	8975	2464	7515	7313	2357	7730	2340	2304	3214	3015	9391	8207	9421	9353	5558	1734	2460	8745	9540	3870	2798	9819	8566	9154	3449	833	6770	5951	4487	840	3417	2915	
7892	1905	6369	4839	9667	2686	925	8426	3534	5391	6064	738	1212	9945	9913	4349	9418	2350	7261	2953	7269	3198	880	5289	312	5950	5247	9595	1279	2740	9853	8652	7926	891	8658	6735	7065	5940	1230	5073	9722	4975	8619	3841	2687	8849	4320	4661	9980	6088	7470	6130	3869	424	5669	7846	7544	2393	1129	3395	776	6072	111	2323	2007	7798	146	5026	3561	4685	3847	2178	4775	294	2086	3260	5887	1895	4448	3990	448	2674	430	3441	4849	7330	9862	1053	2281	5431	2745	5059	4145	5939	1834	5169	9004	4981	9102	9495	
3949	3614	401	6379	4658	1052	4318	2950	3439	5677	1831	1768	9006	6335	5184	4977	7493	1225	4585	8143	7552	2479	3145	3512	6660	9147	6116	1645	807	4520	3293	3434	2724	8522	382	6734	6347	6491	5088	7871	4711	8437	3197	9668	6011	528	9017	5931	7324	8480	3004	6052	3878	6973	224	3226	4812	4	3893	9459	4426	1664	656	8901	6193	367	2040	8003	5436	882	7619	3861	7887	5645	9076	1965	5156	2167	8075	8168	9191	5452	77	2997	5380	3301	8659	5831	3608	2777	2532	9162	1454	7603	8649	7104	1442	3292	5245	6028	
4648	7068	8318	7055	2763	8282	8182	3628	4283	6662	6337	973	8032	9570	2327	3399	3936	7242	6647	1549	4488	1655	8512	5375	8703	4075	458	4693	8739	2329	3029	7906	2010	9406	7066	4750	4791	1551	9550	5194	6687	7570	4316	4178	7738	9018	1020	7617	4946	8914	6809	9262	3560	7095	24	2451	2748	3740	4082	976	4396	5268	6002	7374	7992	4255	7204	9199	3230	1535	3235	6912	5733	4419	477	7820	1333	5074	8079	6752	6785	5929	6677	53	1331	6582	568	3233	9332	7085	651	8158	1837	6763	6179	8710	9095	1749	3365	3652	
9065	92	9968	9204	6138	4157	7936	9443	410	2976	9658	1345	9786	9449	7116	5680	2990	8293	2047	1472	1028	6276	1882	8073	2917	6236	8181	6458	877	7156	404	8256	7837	7437	1461	9939	4761	4124	3136	2607	5784	1694	2117	8146	3754	1544	9700	9591	3336	7462	1293	4080	181	6548	2775	8009	1300	843	7122	7443	241	7835	8155	320	6753	3784	3324	4480	7045	4046	6617	3931	1370	1546	4638	5867	4144	6370	4860	222	9292	1738	1082	9651	9390	5614	7833	1088	6437	4008	2993	3295	9498	7608	5164	9148	1812	5991	1123	5481	
3442	9366	8025	1447	2743	4870	7690	5694	7788	6289	927	5738	771	3482	2509	4176	3910	6711	2024	8346	7195	2232	1934	1315	6457	7477	554	5548	5970	5972	3997	6027	2774	9729	9356	3464	6744	4595	8857	1589	6961	4811	3855	1350	6026	2535	480	1202	374	2974	3068	6466	8486	9304	2661	4338	7808	3830	437	1626	6736	8858	8488	1822	810	4243	8753	8280	3025	8374	8117	2920	8402	7226	9709	3222	5786	1215	7425	5517	4835	3347	4299	876	403	2078	9338	4702	4608	391	8167	3273	8687	6933	9820	1360	5642	8134	2864	1382	
8671	1824	9251	4785	197	8142	3418	3475	9698	1871	3803	8229	8174	572	5167	4541	4072	1139	3663	5634	6498	7695	2401	2656	303	2739	2636	7826	7103	4305	2912	4263	6717	2102	744	353	9240	2738	9339	4675	8805	6154	2181	636	4158	868	3174	2389	3409	789	5274	3253	8880	3774	4533	7890	5551	7084	2862	9537	6455	1716	735	4763	412	7961	1091	387	9399	6875	7580	6941	316	7308	9213	6376	6832	3213	8815	6528	71	5610	1584	5219	5977	4546	6955	6275	9055	6495	127	8718	7883	3084	1374	5445	2574	1415	9600	1772	
376	7017	8202	7928	4337	3003	1272	2888	1554	9875	214	9802	5264	1354	8680	7336	4375	9374	9581	3979	6966	1520	4494	7284	3991	7733	1031	8225	3492	2587	3444	4334	2362	7573	7021	6254	7901	5722	9605	6222	2896	4059	798	1637	1917	9430	9419	7125	5552	737	8024	8828	5974	9094	605	624	0	6057	7057	4988	7813	5936	2455	1980	7151	1735	1163	6987	1110	7681	5271	2498	8034	8423	2965	8908	1059	2148	8964	6501	7850	7361	6895	4088	9395	6668	2404	3668	825	7630	947	2871	4184	3818	2987	6573	5046	1850	4162	5746	
1451	191	6202	948	7963	5506	4565	2949	5152	3879	9849	9098	4714	3537	1372	5489	9000	3599	8704	6910	4655	9860	2817	3919	2416	159	2597	8616	171	1765	2324	4662	3660	2372	9742	8103	240	8023	2834	104	5325	6930	2823	5029	7680	5028	671	924	9957	1351	1305	1443	8336	5813	3985	6016	4301	5399	1583	2826	9794	5020	1592	2811	9873	4051	9375	9215	337	2023	3379	8963	5087	495	1384	2734	5313	1393	5420	8387	6820	4920	2790	5440	6445	9226	2536	2490	4845	1203	2630	7581	2419	4632	60	6086	6868	1861	2802	2160	
1226	8804	5336	8986	6726	7163	5916	1607	2063	2222	4599	6988	8944	6731	2944	3102	8226	8357	5093	4097	9847	1186	6523	4096	2110	6732	9091	2123	7197	2658	2870	6384	290	7882	8170	9745	9815	2196	1099	4620	314	1441	7340	7896	1705	2099	1537	9679	2422	5654	3636	9522	9508	7809	8733	428	3374	3451	5707	4789	9834	6109	7015	5687	8186	277	1658	1485	442	5137	7030	9787	3268	2161	6863	7968	3531	9504	8331	3799	3905	217	9804	4919	937	4229	1143	4993	3797	3466	2879	9466	7560	9083	8355	4871	1486	7222	1682	5971	
4908	4695	2288	8072	451	2424	3748	5709	1183	3587	8204	979	8452	1621	9	5718	3552	4170	2026	4865	3139	7227	8296	469	8929	9587	8966	8881	5086	2882	8799	6428	5795	7586	5682	5033	1251	5368	2781	274	4398	287	5181	4781	4744	8189	6530	9677	6430	7878	6834	135	4009	2433	7101	2254	9171	7286	6821	682	4889	2183	9898	889	2698	8471	758	3951	297	4107	1678	4969	5262	5866	7213	44	1624	6446	6860	51	989	7764	7920	1684	2450	1574	4697	6380	9727	9437	1984	8004	3586	6281	4574	4026	380	8696	2236	2713	
823	1339	6552	5492	1176	7078	4879	6840	5946	556	3728	818	2847	1128	7356	6323	4023	6000	3135	4371	5057	9543	5534	8896	3536	29	9398	6651	9200	6807	5084	5883	1828	8808	1938	4019	3020	6510	4422	1171	2481	6394	1508	4762	2594	8850	50	8614	9336	5183	8840	2444	3389	4528	1870	1330	441	4247	7022	5310	9848	9173	1340	2694	9619	5356	3896	4679	517	2975	9352	9953	672	4486	4381	9946	3191	763	6810	1109	5685	1704	9287	1627	563	4074	4976	4798	2732	3067	684	8132	3022	2559	7431	6957	1480	5131	7209	4540	
1784	5079	3380	3751	5536	7275	6007	3738	2904	4117	1632	4932	8846	6788	1456	8648	2840	7421	2617	1937	3042	2837	9974	1829	6654	7027	7112	150	6578	753	4327	3400	6991	1733	6226	1582	6464	198	2274	7910	1144	192	2034	893	4134	3325	8624	2542	281	5664	5791	1435	2725	6985	156	5402	7390	3914	8630	2675	3388	8705	9801	286	2267	5882	4199	9826	5542	3457	4878	1292	4527	9586	1455	9250	902	9844	2370	7986	7706	8233	5549	9153	9278	2155	6594	1651	48	8305	2956	4992	7319	5854	9037	6883	1391	608	172	4410	
8421	5463	9799	4958	645	9964	652	585	4309	3037	6781	5641	8843	7188	3019	4103	2923	4855	2652	9358	616	3987	1741	6698	9413	2447	5281	6597	6878	3082	7852	4840	8565	1185	3659	9114	2392	3712	7935	949	8236	1426	1971	4201	4101	3407	6096	5490	9260	8830	3796	1566	2061	5119	633	6901	2289	5148	9246	9457	6710	7641	4796	1313	8655	1929	6359	4597	190	1407	4311	4794	547	7265	702	773	1778	7377	5286	1991	832	3304	3274	2014	2241	3825	9507	2453	153	897	7435	4838	7623	7433	1940	9005	8013	55	5419	6247	
9273	4654	1996	8720	7396	7146	6850	8801	1390	625	6897	4280	5333	2984	5405	8356	1842	1521	4691	7980	3333	4974	6300	4242	1039	6184	8489	5921	1375	7289	3032	8135	694	9925	7235	3581	3974	7010	6448	3942	4451	4605	9837	9568	7605	2523	2378	5942	268	4868	9489	8375	2842	1960	3275	2927	610	6357	4769	9962	6725	6992	4956	7551	6989	6824	8810	6063	698	9493	2655	2795	5242	1992	7208	1343	6555	6678	1055	4858	3632	887	8363	4925	3794	9509	5652	3679	212	3968	641	703	6019	8666	1988	2311	2557	8148	1577	16	
5788	9532	8723	3480	2080	9274	2524	690	9218	1309	2260	1301	9049	8905	5132	8886	5845	9299	7831	509	158	3340	3559	5461	1457	4990	9225	9779	8262	5154	6626	2706	3313	8133	3405	9241	4747	4076	4694	6902	4780	1650	4077	7500	5544	588	9854	8636	4447	4131	9432	7567	1878	8283	5385	4104	8862	3933	6524	7115	3918	7758	273	1184	9793	3458	9541	3069	8735	993	1280	5094	139	9662	1326	9134	6618	9884	4940	3850	3447	4136	765	9497	2933	4970	6199	5905	4070	5982	483	2760	8903	743	9636	5959	2005	9626	6915	8906	
141	6259	9186	8320	579	3694	9373	7746	8831	2615	8411	7185	6937	8020	2149	3584	2789	8575	1611	97	748	7360	2883	1100	3780	8340	3897	693	539	2653	8440	8177	7142	8175	9427	7827	1587	5751	3812	8147	3249	1154	545	2778	6346	8730	5266	9334	3060	7301	4187	2346	8042	9019	3386	5227	3215	8257	4217	1751	503	7099	5914	5235	5884	1872	5747	911	6758	346	6187	4698	1807	3881	1788	7224	8731	1548	5798	1666	6469	892	6958	871	2810	4264	3328	1037	3868	9355	2396	8412	2194	1538	3770	7452	9756	6308	5403	5070	
8468	2184	1966	1296	3326	3602	739	6636	869	3121	5465	5454	9812	7951	9471	6778	4948	9099	7060	2189	9620	6317	8235	2756	5280	9205	8899	1836	4566	2179	3341	487	9806	2000	8266	5750	9015	6614	7093	2567	3995	3224	5846	705	9718	6356	6450	4906	1298	5724	9764	370	365	4267	6366	1460	2521	9165	963	1367	7885	8609	6874	6553	5711	8865	1321	9208	584	7327	368	8875	3367	1916	2457	5908	3516	7051	8628	8435	4206	385	2125	7830	2318	4777	7403	4739	3104	9575	6738	4182	1258	3765	8171	7408	8605	333	9578	6925	
5047	5441	3460	3177	3262	4916	63	2088	2011	2075	7349	3216	8706	1365	5258	2736	718	3732	1412	7766	2737	6045	4028	6642	8517	461	9510	9518	5185	7801	720	2426	1997	4475	133	1697	5688	8591	643	6177	612	9155	6806	113	2877	1826	3644	3142	9660	9643	7232	9417	119	1981	7070	7023	2312	8314	617	3817	6938	65	9961	2239	1617	602	2462	1332	3157	1320	5527	638	7559	3927	2952	680	5006	9087	841	8551	9480	9505	2470	4786	534	2648	4703	6344	7729	1402	6465	1987	3349	6885	4672	9604	9452	4689	3372	750	
9723	1659	3530	5653	3166	7165	4151	8556	2819	9096	185	9597	3718	5933	7281	4634	3377	2004	9445	1389	1180	2297	1263	4087	2977	6591	400	7745	9901	3935	3424	8775	3070	8664	569	1421	3286	5464	3966	5997	5040	8068	6204	6311	707	8806	3654	3498	2456	4322	2454	8496	6243	1911	5304	8249	7867	7828	8467	5100	186	4409	8958	2710	6263	8255	6217	3994	7637	7585	235	3762	2638	8663	849	7635	3376	4596	4576	1302	4656	1453	2575	4824	1124	4266	7079	3258	1126	8059	1720	7985	8533	5210	9052	749	371	1888	9637	2145	
1790	3017	4980	6673	2845	8580	6932	2782	3063	685	2569	2369	4531	8302	1903	570	9567	3634	8096	3281	7092	4454	8936	9906	909	4709	8508	5969	5875	5692	8980	8322	7478	9952	6599	6779	5674	4872	8569	7659	3792	619	6342	8277	1686	9343	3219	2517	223	4285	8369	719	4801	166	5113	2945	3827	4718	7111	557	6641	5909	6256	8291	5892	1063	7531	4678	1742	253	9243	9856	6048	6168	7755	2382	6115	5309	8303	3806	8125	2640	9372	2225	8821	2714	6716	7925	5295	2151	2910	942	9549	9553	4915	1238	7537	1949	2309	5989	
9841	9214	3777	6934	8208	6907	1780	7272	3169	9022	2979	7223	189	4806	816	1527	1615	5513	4755	4570	9179	4390	173	6175	8343	6364	6371	4302	2533	8641	7891	7702	946	1218	4045	5160	2240	6417	2065	4388	2278	6340	9776	9306	9073	7931	2700	1598	1547	8507	9934	1167	6796	245	3079	2815	5372	3120	3605	9563	9993	8532	9855	3805	1137	3778	271	3085	1297	5246	5300	6313	4435	1525	5010	1244	9986	600	3089	3194	1898	6540	7845	1157	3179	9811	4295	7081	9331	529	7228	8941	6200	3302	7694	6536	3779	5448	12	5656	
8952	4434	1200	1468	5739	3571	7757	8852	6270	1314	4953	7969	7091	7865	6084	4888	4749	3801	3610	4073	8585	6511	7371	3594	6124	2114	9544	6273	7117	2980	3986	4952	8634	2846	3427	4249	4782	2291	6628	7263	6196	8038	7309	2351	9828	4193	6705	4705	9061	3736	7713	1397	9317	1614	7727	5532	9381	1113	9216	5488	7711	9202	1044	7417	95	5917	5158	208	292	1944	9897	6913	2901	5815	2083	3828	5935	7545	1550	5668	731	6127	6271	7939	2258	130	2341	2812	8245	9474	36	9618	5494	9494	5285	2622	5060	5447	8237	2792	
7844	1531	4900	4557	4562	1304	5842	3098	1155	1961	86	6936	4514	9255	7791	7139	8598	6581	168	2006	6634	1887	9312	2654	8894	4810	5330	7954	6970	8191	7994	5585	5934	3776	5503	145	1084	3317	5159	8062	7944	7172	454	1312	2822	1700	8153	322	686	8220	7598	9975	8246	9813	3252	7769	3676	4715	3734	4053	5277	2938	872	5851	5764	1545	2875	8909	5025	1173	8736	6294	6769	996	5430	7411	4516	6165	1239	1111	8100	1051	6472	688	2889	1654	7075	4110	7932	8384	3156	6814	4536	5627	9222	9128	559	2960	1843	8470	
8823	5528	2273	1881	594	7652	2032	7772	9791	5139	5438	8934	115	7800	5728	4133	9129	3992	951	9781	1090	5794	5531	3263	2177	9404	256	8295	7133	7025	5482	1951	639	4438	9569	6224	9584	1220	7937	7877	5792	2317	3151	3255	3625	2405	505	1792	5442	7098	1675	2850	1334	7849	3764	5414	5359	7179	7341	9612	7893	9291	3909	3182	2897	6965	278	3288	3948	6855	9611	3330	6139	4421	3798	3393	5802	900	5987	829	2916	8700	9824	9293	4379	4984	2387	4649	7459	9798	9899	7487	4869	9011	9979	1801	2565	2963	8629	8130	
8714	7948	5580	3932	7720	9526	7956	5576	1097	1642	3763	3291	2742	6623	745	3014	1117	2101	310	5014	4717	1990	2514	7601	4437	978	2191	3306	2192	462	9551	2894	7467	6886	9201	3005	1663	7124	1098	9089	6521	3184	5279	8354	5369	1542	3050	1804	6667	9224	5201	7317	3318	4382	1727	8620	2643	7400	6620	6021	5615	2122	7314	4890	4764	5574	956	7485	9105	3012	4894	6838	1986	7299	7521	4423	1306	8400	3876	109	8861	5731	7767	966	9904	10	2750	9733	2683	8946	4230	114	7019	8923	6014	4560	5337	108	5468	9598	
9316	6774	8868	5840	2727	831	30	2135	866	5270	8201	3312	8725	7438	944	2746	1153	9805	3077	78	2813	5332	4013	1496	2272	8151	9393	98	3147	590	7993	4534	8916	5646	7405	7679	4165	8654	8393	6133	2600	2931	2249	3653	3110	9558	7379	6749	3073	9280	3911	5775	8329	3904	3107	2048	5848	6998	2156	2854	1945	6163	7614	6039	2364	6008	7548	5949	3337	990	5927	344	6097	2198	1487	2932	7353	3547	7367	930	174	3350	399	4771	6170	4684	7424	7498	4587	9072	9074	967	4772	7512	4591	398	4767	1311	2147	2121	
2142	9741	8270	1115	8631	7406	1797	9803	788	607	6920	4319	3683	3903	2226	1471	665	8136	3952	4994	4050	1956	5012	6385	6128	7199	4287	6077	1745	8198	2825	3562	4269	2366	5364	1229	8726	6919	9236	3724	491	858	7571	3465	8782	6355	4544	8798	2397	4326	2427	285	8284	62	9107	3631	9606	6092	3225	9534	7171	7013	4808	5713	6415	5765	9276	4127	7880	8110	8837	9515	4394	1915	8895	7799	8761	4802	2058	8842	7600	6228	4407	4899	7595	7534	1070	7538	4884	3814	2562	2465	324	2303	6532	8844	3195	2614	3595	1041	
2436	7526	7441	1744	2578	1234	7666	8794	1373	6971	6475	4056	635	7554	7230	5234	4725	9533	4690	8057	1677	7153	1647	7999	5174	3178	1416	1353	7633	394	4898	8213	3758	3846	5569	2074	2611	4363	5374	9151	1925	2722	5509	1817	3813	920	6020	1808	4022	5955	9583	566	2604	6244	5311	7359	2045	5000	9693	1327	4057	6419	6751	8247	3030	2505	9977	4404	6664	6728	6799	5992	2411	9998	2467	4307	1633	6747	1770	1559	9909	5383	5753	589	2853	1649	6405	348	9746	2349	120	4653	4687	1015	4173	7273	7677	2146	6812	2659	
7712	1079	4089	5924	6659	8190	2598	4676	4359	1709	126	1432	3886	9868	3744	3739	9943	4754	8542	9613	1806	7589	8743	5018	9003	1013	8054	1048	3170	4100	8404	4593	3695	7982	4040	342	1590	3989	6312	3398	874	6262	6905	3053	3759	1005	2084	8306	5342	830	8420	2079	6117	988	8193	9914	1612	1045	6173	4568	9263	323	8608	1644	9093	7927	4079	2544	9039	3838	5055	5338	4961	7380	9777	1608	8417	6848	1695	9268	7873	9663	6232	6609	2546	4938	1284	2290	5511	6246	9270	9692	4668	2143	913	270	7180	3384	5257	1362	
5272	6076	6775	2158	7407	1197	2492	3115	9706	3109	7797	31	8965	6302	8644	3901	302	1492	3346	9377	2766	4681	4004	1303	1976	4121	2576	7499	740	8698	8626	2549	4324	4645	3826	1794	1074	4440	733	1120	4118	1923	6476	7427	9340	4457	4226	5425	3993	5362	5064	7037	1717	3863	5365	1690	7825	4091	7194	8216	7450	282	1032	4418	3767	8093	3577	2129	9632	4177	7663	7609	805	3018	3422	8510	2632	6844	8107	9290	6644	3432	6166	9724	6797	1147	9420	434	6080	2425	280	9921	710	2844	9481	6079	6480	6825	938	6898	
5168	2887	1629	7814	1599	923	8967	8959	8777	7000	2344	4416	9354	7669	313	6924	9859	2358	3596	2440	9145	8382	8668	6696	6635	2779	8738	2094	8781	6627	3391	5817	1891	9315	9135	327	5348	9486	42	1760	8217	2729	9720	8504	1939	7533	8410	5907	754	7821	9684	6134	5663	8011	1670	5411	6740	3783	8279	599	9721	3808	2909	9277	5123	4983	1430	4281	9167	4995	5655	7929	794	2859	8268	4813	8902	697	2516	3081	8258	1078	8969	9765	8381	7855	354	1450	1228	1641	6748	5439	3567	4143	7696	7131	4748	1729	9529	622	
3967	6880	3563	3065	9402	236	6410	4558	2865	5305	6245	9506	2195	9008	7136	5363	6265	5173	6565	7102	4102	6833	8111	6481	5292	9424	161	9830	986	6531	6303	7375	8041	1954	7654	8584	1540	6794	7773	1134	1515	9694	7189	991	7527	662	907	169	1653	5303	3704	7862	7278	6407	4246	3359	3348	5530	4260	2866	5115	757	5032	8185	2417	1873	6983	9886	7062	1927	1676	7148	5714	9279	7987	7718	7664	9710	230	8812	4736	5149	229	8672	6288	9931	2360	5299	3055	3144	5571	958	7658	4598	5519	3837	4578	8996	298	5142	
6950	3789	3204	9038	9309	9935	4783	7917	8651	7569	3680	7864	3402	4833	3264	5603	1643	2838	347	780	475	3245	3363	8807	6225	5068	7381	4071	8742	6702	6750	7966	3696	4391	8839	2572	4636	22	384	8274	5658	6032	7530	5157	5954	6780	1847	2100	4227	5021	7908	2705	683	8178	9514	8772	7842	783	5318	7779	335	3757	4492	8994	3232	4927	9701	8547	3839	3657	992	3509	258	8145	9747	592	1287	1815	5897	1027	5659	3045	9157	9150	2473	7442	8788	5773	5347	854	2410	8757	6857	1002	1252	9503	6590	1470	5334	9917	
6908	729	8183	5500	7322	3848	5249	8327	9131	2730	6479	6625	5054	6421	2292	134	3054	812	3710	6892	1224	2554	9829	2062	5251	9220	9144	4064	7748	5163	8604	756	9238	177	8826	5	4873	7257	677	4461	3954	7138	6684	1874	7006	3646	5223	5967	2669	8989	8999	1557	5444	3665	5036	7976	4330	7511	8978	8683	6484	9936	3093	5062	9562	6519	4376	2294	777	2996	1459	6413	5984	8424	7005	377	2723	3606	2458	5806	666	1401	7923	2315	3501	6639	1077	8682	4216	7620	2185	5915	8513	782	6377	9789	2935	3543	6649	6082	
6220	5083	3180	6284	9348	1294	5206	8741	8832	4069	6278	7749	9653	2216	157	3915	1781	7489	429	8434	7804	3470	7277	5947	766	2326	69	9967	3609	8361	1132	5178	9139	5170	7306	3284	7329	8968	4049	4035	9211	105	8484	3033	6412	5910	3476	5847	4141	2252	7077	1282	2109	7579	9842	1029	647	3385	7162	8197	5973	7823	7710	9538	2437	8675	8528	8701	881	7662	2641	6459	1652	9258	4821	5326	9284	4065	9659	8530	6655	5748	4875	4723	561	9941	2861	8172	5979	7373	5293	8541	1211	8847	2314	3824	6800	5755	6120	1568	
2681	8379	2829	4746	2660	981	8286	914	7889	5171	3750	59	5106	4962	1017	9580	5005	7290	1253	6060	3345	8900	2816	3928	9367	5231	901	9034	4276	7267	5586	9669	7458	3880	1830	1533	3773	4624	2827	9517	9926	7628	9141	479	5256	8829	9228	5350	9297	4526	1849	3682	2442	9512	5455	786	4248	450	7811	5395	9407	8689	4572	5672	2520	2670	9807	5320	814	5953	117	4001	2616	6887	38	5853	9460	8206	6402	8708	5107	1922	7241	7648	4792	723	1532	6309	8157	8119	2220	9346	2884	4262	2394	3945	1219	5122	202	6203	
9878	7047	7107	6328	2399	3296	4901	8669	2644	5679	3062	4472	3080	5964	160	5226	6939	4122	203	4556	7682	96	3445	2828	5130	6125	1769	8822	7747	3875	9446	6352	4930	578	9671	1656	3437	5608	8838	7555	5290	2054	5017	4752	6826	7714	1405	6040	2921	6471	6018	360	5928	8567	325	8600	8261	4168	1726	7310	3574	7149	9500	1802	7283	2593	4458	2283	997	4401	4233	5550	5593	7517	4139	5240	2486	8919	6709	3583	1859	8052	9758	1813	7577	6186	5345	9900	3406	2187	1585	7426	7266	4874	5278	8490	6587	4156	8639	8045	
8955	2551	5796	8436	6053	8422	632	9932	1274	5673	3125	8289	538	4067	2506	1208	9810	6283	8152	7558	5827	6959	1795	2269	5998	2649	5382	3394	43	4298	474	3921	8712	7129	6782	5980	5554	2623	7274	7549	4998	9140	2328	4006	4724	9713	9351	6350	519	1771	5220	6089	6145	6690	1006	3011	6090	6001	4523	9688	149	8341	711	3834	4321	3810	5640	5410	6928	6877	3707	9142	6426	7368	8234	7627	3247	7335	7853	2466	5787	2983	415	4369	6473	88	3361	615	987	7782	3658	4784	8670	2055	9477	395	8568	5393	8428	3450	
9295	5483	6854	6504	6888	6514	6146	2939	1809	9396	536	4790	5956	6743	1464	6827	5151	3529	4389	8264	5943	7338	3373	7596	6172	94	8232	4445	7990	5752	5421	2097	2237	1699	875	5823	8005	6119	2934	6185	4250	4834	4644	7059	1816	3619	8219	1786	5734	4554	2678	5260	8064	3356	6439	3832	7333	4710	2633	6670	2056	3294	6543	1195	4606	3124	5254	1591	6680	5962	6792	5903	1093	792	1715	423	8884	6822	4567	5394	4386	2103	3319	4610	5670	2665	8090	5048	9183	1349	1833	4818	9227	1107	8211	251	7528	6444	7198	6772	
4817	6418	2391	7983	859	6739	9388	8863	2684	7770	8378	2806	8028	6468	653	8086	284	6126	4478	8002	7288	6986	3059	8097	2247	2169	9555	3034	2173	3116	1972	9996	5861	5629	4951	3872	3524	1968	3383	8017	3755	231	9482	9286	9434	5793	5134	3788	6993	3283	4081	8536	195	3691	2902	7638	4991	8744	1182	3752	2461	1800	7031	1723	5512	1255	8215	4123	8092	4564	5432	6494	8328	3528	8607	4863	7193	8845	1864	1145	110	4627	9392	2696	2020	8091	2208	7456	929	378	5263	910	8979	9086	8429	3057	7651	6260	7737	8998	
2767	3154	5404	4887	8416	8751	375	9046	225	9785	5075	3821	9666	1819	4462	5578	5244	6110	5573	19	5906	6073	2579	5758	5702	5023	8572	699	7348	7362	5296	1249	1290	1386	6904	8394	465	8194	2313	9359	9264	7296	4509	8269	3229	1899	9707	4138	5720	7868	4706	4209	5051	4372	1072	1894	5876	6783	4893	2786	307	13	3930	7143	4282	1619	221	4066	9389	8957	5166	4895	5667	5837	7646	7088	7557	5885	8719	4996	7293	3867	3907	9103	9927	3616	3899	3494	1846	7676	8578	9633	648	1516	3205	4630	2958	9966	7752	8974	
3201	8758	2028	9041	8359	8643	6272	5742	4966	5893	7337	5045	3937	1424	2832	4413	2619	5505	6414	1556	9761	4731	6003	2073	8386	9889	199	5833	4659	7607	6132	3368	5768	3638	1827	9920	8774	8754	90	8787	3629	4362	3820	1369	3309	2491	5632	3163	721	6178	6789	1680	5477	6926	6974	1216	1075	4341	7042	7686	4885	3370	7280	2339	6550	3515	5557	9100	6237	1467	3771	5433	3849	3149	7376	5919	7836	8299	49	1024	1164	1941	5487	4291	8352	6869	3429	752	3929	9752	4218	9382	6830	9054	668	7492	940	5386	4191	661	
468	1897	6757	413	9773	5666	8582	3554	227	679	5818	8559	5873	4366	7415	741	5138	4268	9488	8385	1747	9330	6353	2469	200	4518	5526	1702	3520	9832	1318	7297	1892	6849	8273	6765	6858	5878	1206	9002	9593	2031	9970	5860	7264	4547	7519	8188	8882	8389	1324	2930	9748	7216	6046	9195	6975	1264	4140	2321	4308	164	3591	5944	8653	7231	9501	9189	4482	5681	3459	3687	8879	7546	4129	1068	228	9887	4403	9247	1933	7447	9385	9256	8399	5763	1428	3984	4963	3261	1506	3731	1434	6793	5355	1672	6946	7086	5205	6150	
6841	2500	8049	3165	2747	5699	1181	1512	6365	2068	5978	7058	8039	9737	7486	3647	1269	2751	485	9956	5491	3600	541	1579	8990	4828	8051	6773	2390	6214	9942	8026	1323	2814	9831	9639	2140	4831	9743	5009	6022	7785	6700	755	3066	8970	8756	8310	6593	3947	5007	4742	2937	3741	4443	9716	6148	9188	4501	7750	4485	8642	8459	9685	8907	8050	438	9577	358	3511	7668	9431	3642	3484	244	3278	4479	846	3176	9458	6918	2583	4033	9948	6367	8515	4543	9991	9113	2501	392	5644	7202	7974	8814	4012	3454	266	1440	4795	
7858	3955	5189	7684	7501	3582	232	8335	6588	7414	7388	7699	593	6666	6140	4815	3250	9918	7247	9751	5843	2898	6996	9617	3334	6485	1466	3290	2275	1177	5834	7507	3959	3238	6517	8058	330	1499	9013	1232	4542	3800	8033	855	6363	6507	1973	5712	1501	9462	7454	5704	6665	3705	7382	6416	5080	2299	4252	9475	1347	8603	2626	9070	3802	4036	46	6541	7229	7391	3456	9463	8081	3669	8948	9676	6487	9565	9410	1732	4397	6695	6771	3845	1635	6249	8841	293	3700	6837	4108	1260	8088	5275	1011	8180	5357	5128	3462	4432	
905	6409	4024	760	7725	8951	5824	3753	9123	2609	797	952	6564	3525	2325	4613	8602	9895	2571	6852	6319	1875	7167	9442	5398	5797	4700	6285	3088	4355	1622	5830	4589	2334	2057	5273	842	6701	2967	9640	6944	2150	6652	762	3282	6951	3613	3344	9869	8030	107	2164	1477	6876	6253	1310	1368	311	3315	6572	9320	9992	4430	2348	2650	7076	6292	5161	6195	9441	8192	5698	9561	8252	2558	7413	4241	3412	9769	8195	1793	552	845	5547	1261	3656	7012	2770	2380	510	6037	564	8931	3969	4803	3287	2926	67	1336	8479	
3735	8367	3414	6310	3675	289	4743	1122	4937	4183	3272	426	7345	5176	6107	613	7410	1361	5413	548	9984	1413	9981	3095	5896	2496	4663	7647	6372	4290	6516	7599	8795	5826	3702	623	5114	6038	8076	5537	7741	9774	7874	2087	3246	8021	6142	1071	9119	5726	3270	3651	6712	106	7514	343	5561	3092	9690	9937	6042	9207	6315	5637	7523	4310	7572	6332	6497	5504	489	8338	4425	7449	2200	5701	2893	359	58	6400	8078	9922	7252	4466	3612	5777	1755	908	6399	1021	5498	2266	8776	9209	9560	5597	352	1782	5960	116	
1528	2223	4602	5838	4306	408	218	6953	2513	3898	3164	7888	3231	764	1003	2804	7843	9370	6815	1857	5662	7751	5985	772	1081	8913	8767	7370	2477	8164	9422	4286	7540	7715	4222	9573	1692	7432	3075	3158	2682	852	5710	5458	7033	5583	5810	9084	152	6843	6508	1948	3747	8747	2284	9556	7445	1698	4303	2106	3557	941	1469	5217	9655	9995	3285	1853	2306	3701	4619	21	8388	3920	7634	6742	8535	9928	3790	8995	3343	3693	7160	655	9451	2895	3555	4793	5562	9386	7258	3161	5381	7321	567	4169	9911	8014	3471	6755	
7692	7048	7762	4378	3506	1278	6105	6746	8876	5507	6606	1210	5957	7298	2841	1779	700	4647	6766	4340	80	7513	9542	7097	5105	3590	9230	6013	6768	7566	1919	3572	6529	9574	4315	5180	6547	8074	7365	5811	2797	3667	4677	6381	2180	8156	2759	7584	3940	1245	3743	1277	3010	5221	5600	7913	162	4154	3426	9511	305	1832	5800	3267	8981	9014	9181	8485	4720	6074	74	7732	9972	4524	7464	1127	6515	3727	5737	7736	3729	3719	7168	138	7196	3856	2489	9048	125	9987	351	2753	6802	14	6976	6213	9146	6183	3972	3041	
6123	5515	6808	1821	1420	9852	3611	8678	6608	4261	4903	5767	2002	2863	4027	7074	9755	1505	8403	4902	452	5493	8722	9858	9582	3027	9464	6293	2731	732	2757	4943	6570	9647	7250	6427	1974	5111	5621	5339	6151	3714	7915	3408	6212	476	41	3883	7127	3508	8071	7940	2672	1825	4688	2012	5809	9680	3943	5001	4232	3320	5871	326	3496	9492	4933	6191	4058	8518	6108	4332	8442	1839	6044	1422	2168	3975	4788	3551	5133	3670	8694	5781	9032	4204	8360	9122	4047	3477	2690	6205	3713	8527	5761	2526	611	3433	1648	4034	
5533	8450	3908	6518	5745	8128	9112	128	8458	6819	8131	5069	7451	3976	8734	7254	3624	5319	4733	3469	8581	8574	7756	7863	669	2928	3514	1942	7655	5886	6786	9071	7061	4539	5620	8391	2999	8925	4923	9717	9863	2271	9999	6131	9232	4713	9627	4643	9248	5804	5508	3977	9387	118	7428	5631	7707	9681	6544	6024	6995	8184	9872	5424	5302	2008	6252	2511	7796	4245	7491	9465	6296	4892	834	4288	5081	4323	6891	4506	7795	9521	6867	5849	4258	478	6929	1439	5689	6241	3404	7624	6694	8330	1503	2482	4225	6584	1766	7395	
5140	260	3351	3934	9318	1818	4867	6962	7067	644	1860	6171	9472	1748	6034	3210	3006	3131	6041	8160	6890	7525	7422	6715	6329	1711	574	6192	580	4361	7918	7565	727	6559	5072	1056	9180	6211	4062	1478	704	1902	6522	6893	9759	4257	6441	9845	4779	7924	5675	8037	3988	6301	9233	7251	1446	5535	1119	9030	3355	8877	4914	3892	5601	8438	8784	7653	8983	4949	8166	301	3703	8544	7516	609	6264	3488	5676	6513	4807	1962	3804	7219	3539	4601	4646	6297	8992	5237	4084	7469	2420	1380	4235	1509	5945	9349	7020	5730	
7996	7318	6219	6512	7903	5253	6155	2577	4883	1118	1526	3685	5581	7575	2059	4880	7218	4800	3518	8940	7719	3873	5341	1572	7504	265	9182	2692	1714	9007	2193	1661	4055	1049	3193	7038	4090	5618	8055	7186	712	1657	6068	4239	1884	9106	8370	7215	5705	3127	7214	7819	2472	9719	3541	1952	1400	3403	4941	7553	7547	4441	7691	3749	2165	1035	716	2776	8715	5879	7787	7636	4827	5141	3661	701	8548	8729	1357	4197	9519	9683	6188	6692	860	742	6326	784	9623	2219	7105	5208	5228	6551	9821	6676	971	490	4483	7678	
8122	7205	6299	2118	5766	8397	5546	8196	6663	389	3099	8377	8611	4400	6486	1462	5197	9425	4493	3996	3234	7108	3598	3674	9363	2807	338	1683	3487	3322	9861	8540	8885	7307	6343	2443	2218	1136	9275	2499	7378	6351	1736	8405	9051	2646	3941	8473	5236	4837	7439	6640	283	4030	8991	560	8376	5396	8460	3906	2647	7761	5099	7303	2152	3298	5085	8520	8000	129	9808	2166	2295	5836	4186	4503	1240	9949	1009	531	4481	9800	3722	7029	7899	5983	3768	4347	5888	5462	4385	3592	6112	9691	39	3097	4093	9770	4470	7753	
3807	8105	5187	7203	4373	5829	9664	7113	3190	8505	6622	7384	3633	7922	8260	1989	7759	9938	3706	4348	8311	3485	5556	5042	5475	8383	5717	9531	9190	7323	9440	9767	3468	8647	5516	1214	2839	418	8101	2602	6102	998	8867	4797	6981	8162	9753	4682	5082	7385	2212	8709	6009	4313	9520	2995	2570	6653	234	4427	945	8803	2384	8120	8077	4456	5894	5502	1646	7916	3620	2253	6483	1605	7875	1630	9960	7253	6835	7109	7154	6452	7225	9757	8012	6607	4039	3130	5078	6650	9060	9324	2695	8920	1724	8082	751	7364	1814	7822	
5261	1008	4861	6258	5744	5451	4339	1803	8987	3410	7479	5900	6633	3242	9749	8554	2634	2468	8372	3958	965	9115	5604	4535	4171	8231	5297	4584	7137	9579	8066	4015	4214	9175	6899	4159	6903	7933	8035	6010	6266	2856	6462	1600	3871	4377	2985	1356	5690	2418	7709	660	4910	3627	7650	7007	8645	5077	3597	5301	8816	7783	3831	8817	2688	9823	170	3251	8897	9079	5367	4279	8272	6330	2947	3310	3058	1266	5937	1160	3545	836	7728	2758	6947	66	3686	2471	8351	1517	6162	6017	8445	4018	406	4776	5958	2892	25	3822	
4083	5975	9267	4986	7490	4548	9896	7152	5346	8326	1931	8662	2552	5191	102	4228	9371	9285	6851	6526	984	7703	7351	1979	936	5284	6592	3815	3217	8209	8263	5756	5092	970	9166	4431	3307	3698	5129	7325	9994	4778	7201	9590	657	6094	1667	1348	7815	7455	6210	4637	9726	724	8448	5053	6669	3489	8491	5996	7591	7357	5743	1564	8118	9536	4660	6994	3961	9042	4633	6689	6182	2801	8482	808	4128	9184	2784	4971	8095	1383	369	1841	6420	2873	4412	279	8069	6525	9603	957	2972	470	8596	2300	5901	4911	9874	4829	
3448	2599	7130	7350	4476	3423	1575	6238	7217	9910	6201	239	5354	4756	3369	4519	3733	7052	6387	3483	2820	4342	5434	8790	7768	5376	8046	7824	5976	2367	8870	9468	2868	4909	888	6234	4112	7087	6823	9326	9622	6287	6431	492	4029	8036	7305	5288	3431	8199	4294	5844	5125	3622	8917	5449	1835	7856	2476	1671	6506	8740	4010	2869	3000	6847	9453	3503	4504	7363	2867	5344	6069	5314	7043	7803	9714	9818	4979	8737	1101	4032	7262	6251	5898	3573	2190	7921	4931	3101	9924	9415	7466	4270	8525	8638	6787	8954	9378	8597	
7839	6307	7114	6255	5638	8163	2545	5891	4985	7984	9174	5312	6061	7069	2964	9552	1665	6338	2973	8519	3279	5566	8953	565	3522	8409	5446	5633	7221	3199	2113	5104	9347	8594	6277	4522	7259	5063	3635	3189	1555	5496	206	6291	5024	7979	6375	5476	6047	6615	8755	339	5952	8848	676	5144	7520	3785	3593	7851	8141	7919	2280	8869	3772	4020	2835	8124	85	8773	4757	8791	1856	2402	8007	3008	8126	3106	2510	2772	6023	1403	2942	3756	3122	9628	2676	7989	4511	1265	187	8887	4699	546	6227	1256	1594	4037	8396	7409	
9539	6866	6733	8031	3362	4333	7237	9127	6267	7268	6361	7123	8529	9665	5331	3835	6585	1073	5466	7024	4043	4642	2905	7689	5358	7429	9703	809	4577	6648	7642	4852	5135	5370	7870	8587	7256	4891	2363	4011	4213	8947	7602	3160	9040	837	6327	9596	4442	4284	8337	1912	6632	3811	3860	9456	7419	9654	8872	5591	3617	6050	4331	419	3183	3086	4336	801	8019	3576	99	8309	2625	9426	4629	3782	8785	7387	6144	1007	4727	3913	5039	4085	4181	9546	7997	5693	6208	4352	2508	4537	1385	4116	2878	6708	121	1268	2449	3452	
9412	386	6520	7170	7644	3502	4622	5825	8956	7158	9294	7294	6075	9368	3887	9496	6921	9436	3227	6174	3435	8431	432	2911	691	1250	7774	6811	8724	8577	6945	4719	5510	4254	5050	2903	8982	3113	2606	2207	6968	494	9687	7535	1023	9629	3888	6527	3354	3129	6180	9108	4959	3902	3134	4734	4615	6549	6754	4114	8043	7590	8824	6613	6870	9672	7568	6143	2176	1410	8589	2463	5252	9066	9634	2373	6612	4078	8371	9080	4856	8319	5406	4823	9547	9092	4955	6477	6997	5725	6336	8800	7040	7562	8285	6099	8443	8866	9930	6977	
8660	9266	3357	9915	6030	1381	6160	9169	7616	9101	4489	3203	5016	6114	9645	4582	681	8121	5091	5607	8044	6087	3187	3196	8104	3971	4657	7285	3461	3119	3036	4343	813	5146	1783	5616	9715	5543	304	6157	8212	8553	4468	6881	2906	5248	3001	6153	2809	8290	9732	4424	8912	4356	7211	9097	6538	8137	6574	3570	4325	9790	2966	9850	5459	6490	8332	2243	7002	8891	5118	3023	9638	8462	6298	8588	5912	5034	650	500	5678	247	180	425	3523	3172	4234	4428	4841	7778	9043	5596	9342	5782	9695	9325	3297	3035	8481	5697	
3218	9499	5460	8976	8910	4745	4972	7082	5584	4604	7789	6360	1283	3241	6122	5771	898	820	1243	7147	5215	2941	9088	5995	1964	2773	6638	8242	6839	6159	934	5611	5192	1140	8454	8271	5098	6605	2994	8265	8353	7886	4862	2824	2991	3711	1570	1376	6325	8811	8287	3877	6963	4765	4666	2885	7726	4360	9950	7894	3962	7763	8493	795	6691	9485	8506	205	856	5471	4405	7190	3211	7453	4192	827	4031	9865	968	3723	2421	8127	373	7134	7184	5027	4496	8859	3381	8244	7981	8254	603	1510	9772	7271	8576	1759	5966	6440	
8094	8780	1019	5754	6722	5799	2791	6433	1227	7404	3709	7295	1291	7206	6250	4393	4897	4945	6889	3026	9982	5700	8717	4042	6721	2922	6209	4912	9307	9609	8768	6631	5218	5899	2787	3956	8210	2860	5117	6601	6429	3481	6657	5287	8820	1893	4236	6373	6693	2793	8472	3688	3257	3499	9775	2022	7339	2601	2961	2677	6306	3786	8633	9298	5539	9329	4119	5428	4607	6603	935	5259	5869	3925	9333	8259	40	5648	8333	6261	8348	9401	3558	4273	8789	6776	5828	8635	7574	6067	2899	2805	7722	9784	6935	1909	5855	9792	3240	7001	
5938	6152	7233	388	5371	6509	9795	3953	5426	3031	8595	1387	1634	1851	1865	7248	9249	3327	9559	8463	9177	4467	5224	1065	7035	3565	3491	8089	3455	4850	9221	9554	1004	9253	8526	7671	9881	2130	4944	1475	8690	5568	3895	6169	8873	8366	4383	9838	2735	3884	7155	9969	870	7440	6488	331	7461	7234	5437	4392	6482	2445	5401	9566	4936	8010	4021	6095	7508	7423	9361	4370	6176	9675	8932	7995	2354	3894	5361	4507	7311	7884	4741	5657	4612	3623	8592	3495	4460	9409	3105	3946	5994	9082	1883	7036	4954	9545	8623	8187